1	2
2	0
3	1
4	0
5	1
6	0
7	0
8	2
9	0
10	2
11	1
12	2
13	2
14	2
15	2
16	0
17	2
18	2
19	1
20	0
21	0
22	0
23	0
24	2
25	1
26	1
27	2
28	0
29	0
30	0
31	2
32	1
33	2
34	0
35	1
36	0
37	1
38	0
39	1
40	0
41	1
42	0
43	2
44	2
45	1
46	0
47	2
48	1
49	1
50	0
51	2
52	0
53	0
54	0
55	1
56	2
57	1
58	1
59	1
60	1
61	1
62	2
63	1
64	0
65	0
66	0
67	1
68	0
69	0
70	1
71	1
72	1
73	2
74	0
75	0
76	2
77	0
78	1
79	0
80	1
81	2
82	0
83	1
84	1
85	2
86	0
87	1
88	0
89	2
90	2
91	1
92	1
93	1
94	0
95	0
96	1
97	2
98	1
99	0
100	2
101	0
102	0
103	0
104	1
105	0
106	2
107	2
108	2
109	0
110	0
111	2
112	1
113	0
114	1
115	2
116	2
117	2
118	1
119	1
120	1
121	1
122	0
123	0
124	2
125	2
126	2
127	2
128	0
129	1
130	2
131	2
132	2
133	2
134	0
135	0
136	2
137	0
138	1
139	0
140	2
141	1
142	0
143	0
144	2
145	2
146	0
147	1
148	0
149	0
150	0
151	0
152	2
153	0
154	0
155	2
156	1
157	1
158	2
159	2
160	1
161	1
162	0
163	1
164	1
165	1
166	1
167	2
168	1
169	2
170	0
171	0
172	0
173	1
174	2
175	0
176	2
177	0
178	2
179	0
180	0
181	1
182	0
183	2
184	2
185	2
186	2
187	0
188	2
189	0
190	0
191	1
192	0
193	2
194	1
195	0
196	0
197	1
198	0
199	0
200	1
201	0
202	0
203	0
204	0
205	0
206	1
207	0
208	0
209	2
210	1
211	0
212	2
213	0
214	2
215	2
216	0
217	0
218	0
219	2
220	2
221	1
222	0
223	2
224	1
225	2
226	0
227	1
228	1
229	0
230	0
231	0
232	1
233	2
234	1
235	1
236	2
237	2
238	1
239	1
240	2
241	1
242	0
243	1
244	2
245	0
246	2
247	1
248	1
249	0
250	2
251	1
252	2
253	1
254	1
255	0
256	1
257	2
258	0
259	0
260	0
261	1
262	2
263	1
264	0
265	1
266	0
267	2
268	1
269	2
270	1
271	2
272	1
273	1
274	1
275	1
276	0
277	0
278	0
279	0
280	2
281	1
282	0
283	0
284	0
285	2
286	2
287	0
288	0
289	1
290	0
291	0
292	2
293	1
294	0
295	0
296	1
297	2
298	1
299	1
300	0
301	0
302	0
303	1
304	2
305	1
306	2
307	2
308	1
309	1
310	2
311	1
312	0
313	0
314	0
315	0
316	0
317	2
318	1
319	0
320	0
321	0
322	0
323	1
324	0
325	0
326	0
327	0
328	0
329	0
330	1
331	1
332	1
333	0
334	2
335	0
336	0
337	0
338	1
339	0
340	0
341	1
342	1
343	1
344	2
345	0
346	0
347	2
348	0
349	0
350	0
351	1
352	2
353	1
354	0
355	0
356	0
357	1
358	2
359	1
360	0
361	0
362	0
363	2
364	2
365	2
366	2
367	2
368	2
369	0
370	2
371	0
372	0
373	2
374	0
375	0
376	0
377	1
378	0
379	2
380	2
381	0
382	0
383	0
384	1
385	2
386	0
387	0
388	1
389	2
390	1
391	1
392	2
393	0
394	1
395	0
396	0
397	0
398	0
399	2
400	1
401	1
402	1
403	1
404	0
405	2
406	2
407	1
408	2
409	2
410	2
411	0
412	0
413	0
414	2
415	0
416	2
417	1
418	0
419	2
420	2
421	0
422	1
423	1
424	0
425	0
426	1
427	1
428	1
429	1
430	0
431	0
432	0
433	1
434	2
435	2
436	0
437	0
438	0
439	2
440	2
441	2
442	0
443	0
444	2
445	0
446	0
447	2
448	0
449	1
450	2
451	0
452	0
453	1
454	0
455	2
456	0
457	1
458	0
459	0
460	1
461	2
462	2
463	0
464	2
465	0
466	1
467	0
468	0
469	0
470	1
471	2
472	0
473	0
474	2
475	1
476	2
477	0
478	0
479	2
480	2
481	2
482	2
483	2
484	0
485	1
486	0
487	2
488	2
489	1
490	2
491	2
492	1
493	0
494	0
495	1
496	0
497	1
498	0
499	0
500	0
501	0
502	0
503	0
504	0
505	0
506	2
507	1
508	1
509	0
510	1
511	2
512	2
513	0
514	0
515	0
516	0
517	0
518	2
519	2
520	0
521	1
522	0
523	1
524	0
525	0
526	0
527	2
528	2
529	0
530	1
531	2
532	0
533	0
534	1
535	0
536	1
537	2
538	2
539	1
540	0
541	0
542	0
543	1
544	1
545	1
546	0
547	2
548	1
549	2
550	2
551	0
552	1
553	0
554	1
555	1
556	0
557	0
558	2
559	0
560	1
561	0
562	2
563	2
564	2
565	1
566	2
567	2
568	2
569	2
570	0
571	0
572	1
573	0
574	0
575	0
576	2
577	0
578	0
579	0
580	0
581	1
582	1
583	0
584	0
585	0
586	1
587	0
588	0
589	0
590	0
591	1
592	1
593	0
594	1
595	1
596	1
597	0
598	1
599	2
600	0
601	1
602	0
603	1
604	2
605	0
606	1
607	2
608	2
609	1
610	0
611	0
612	0
613	0
614	1
615	0
616	2
617	0
618	0
619	1
620	2
621	0
622	0
623	0
624	1
625	0
626	1
627	0
628	2
629	2
630	0
631	0
632	0
633	0
634	0
635	2
636	1
637	0
638	2
639	1
640	2
641	1
642	0
643	2
644	0
645	1
646	2
647	2
648	1
649	1
650	0
651	2
652	2
653	1
654	1
655	1
656	0
657	1
658	0
659	1
660	2
661	1
662	2
663	2
664	2
665	2
666	0
667	0
668	0
669	0
670	1
671	0
672	2
673	0
674	2
675	0
676	1
677	2
678	1
679	0
680	0
681	0
682	0
683	2
684	1
685	1
686	2
687	1
688	1
689	0
690	0
691	2
692	0
693	0
694	2
695	1
696	2
697	0
698	1
699	2
700	1
701	1
702	2
703	1
704	2
705	1
706	2
707	0
708	1
709	0
710	0
711	0
712	0
713	2
714	0
715	0
716	0
717	0
718	1
719	2
720	1
721	2
722	0
723	2
724	2
725	0
726	0
727	2
728	0
729	0
730	0
731	0
732	1
733	2
734	0
735	1
736	2
737	0
738	0
739	2
740	0
741	1
742	1
743	2
744	1
745	0
746	1
747	0
748	2
749	0
750	0
751	2
752	0
753	0
754	2
755	0
756	0
757	1
758	1
759	1
760	2
761	2
762	0
763	0
764	1
765	0
766	1
767	2
768	0
769	2
770	0
771	2
772	0
773	0
774	0
775	0
776	1
777	2
778	2
779	2
780	0
781	0
782	0
783	2
784	0
785	0
786	2
787	2
788	2
789	0
790	0
791	0
792	1
793	2
794	0
795	1
796	0
797	0
798	1
799	2
800	0
801	0
802	0
803	0
804	0
805	0
806	2
807	0
808	1
809	0
810	2
811	1
812	1
813	2
814	0
815	1
816	1
817	0
818	0
819	1
820	1
821	0
822	0
823	0
824	0
825	1
826	0
827	0
828	0
829	2
830	0
831	2
832	2
833	2
834	2
835	0
836	2
837	2
838	0
839	0
840	2
841	0
842	1
843	0
844	2
845	1
846	1
847	2
848	0
849	0
850	2
851	0
852	0
853	0
854	2
855	1
856	1
857	0
858	2
859	1
860	1
861	0
862	1
863	0
864	0
865	2
866	0
867	2
868	2
869	1
870	0
871	2
872	1
873	2
874	0
875	1
876	1
877	1
878	0
879	2
880	0
881	1
882	0
883	2
884	1
885	0
886	1
887	0
888	1
889	0
890	2
891	1
892	0
893	0
894	1
895	0
896	0
897	0
898	0
899	1
900	1
901	0
902	1
903	2
904	2
905	0
906	0
907	2
908	0
909	0
910	1
911	1
912	0
913	2
914	0
915	1
916	2
917	0
918	2
919	0
920	0
921	0
922	1
923	0
924	1
925	1
926	2
927	0
928	0
929	2
930	1
931	2
932	2
933	0
934	0
935	2
936	2
937	0
938	1
939	1
940	0
941	1
942	0
943	2
944	2
945	0
946	0
947	0
948	0
949	0
950	2
951	0
952	0
953	1
954	0
955	1
956	0
957	0
958	1
959	1
960	0
961	2
962	2
963	2
964	1
965	2
966	0
967	0
968	2
969	0
970	1
971	1
972	1
973	1
974	2
975	2
976	0
977	0
978	0
979	0
980	0
981	1
982	0
983	1
984	1
985	0
986	0
987	0
988	2
989	0
990	1
991	1
992	1
993	0
994	2
995	2
996	1
997	1
998	2
999	0
1000	0
1001	2
1002	0
1003	0
1004	2
1005	0
1006	1
1007	2
1008	2
1009	1
1010	1
1011	0
1012	1
1013	2
1014	2
1015	2
1016	0
1017	2
1018	1
1019	0
1020	0
1021	2
1022	2
1023	1
1024	2
1025	0
1026	0
1027	2
1028	0
1029	1
1030	1
1031	0
1032	2
1033	2
1034	2
1035	2
1036	1
1037	0
1038	0
1039	0
1040	2
1041	0
1042	2
1043	2
1044	1
1045	2
1046	1
1047	1
1048	0
1049	0
1050	0
1051	0
1052	1
1053	1
1054	0
1055	0
1056	0
1057	0
1058	0
1059	2
1060	1
1061	0
1062	0
1063	0
1064	0
1065	1
1066	0
1067	2
1068	0
1069	0
1070	2
1071	1
1072	0
1073	2
1074	1
1075	1
1076	0
1077	2
1078	1
1079	0
1080	0
1081	0
1082	1
1083	0
1084	1
1085	0
1086	0
1087	1
1088	1
1089	0
1090	2
1091	1
1092	2
1093	2
1094	2
1095	2
1096	2
1097	2
1098	0
1099	0
1100	0
1101	1
1102	0
1103	0
1104	1
1105	2
1106	0
1107	1
1108	0
1109	0
1110	1
1111	2
1112	1
1113	2
1114	1
1115	1
1116	2
1117	0
1118	0
1119	2
1120	0
1121	0
1122	2
1123	0
1124	0
1125	0
1126	2
1127	0
1128	1
1129	2
1130	2
1131	0
1132	0
1133	1
1134	0
1135	1
1136	0
1137	0
1138	0
1139	0
1140	0
1141	2
1142	0
1143	1
1144	1
1145	0
1146	0
1147	0
1148	0
1149	2
1150	0
1151	0
1152	0
1153	2
1154	2
1155	0
1156	1
1157	0
1158	0
1159	1
1160	1
1161	0
1162	1
1163	0
1164	0
1165	0
1166	1
1167	1
1168	1
1169	2
1170	0
1171	0
1172	0
1173	0
1174	0
1175	0
1176	2
1177	0
1178	2
1179	0
1180	2
1181	2
1182	1
1183	0
1184	1
1185	1
1186	2
1187	0
1188	0
1189	2
1190	0
1191	0
1192	1
1193	1
1194	0
1195	0
1196	2
1197	0
1198	0
1199	2
1200	0
1201	0
1202	2
1203	1
1204	1
1205	0
1206	2
1207	1
1208	0
1209	1
1210	1
1211	1
1212	1
1213	2
1214	0
1215	0
1216	2
1217	0
1218	0
1219	1
1220	0
1221	1
1222	0
1223	2
1224	0
1225	2
1226	1
1227	0
1228	2
1229	0
1230	2
1231	2
1232	1
1233	0
1234	1
1235	0
1236	0
1237	1
1238	0
1239	2
1240	1
1241	0
1242	0
1243	0
1244	2
1245	0
1246	0
1247	0
1248	0
1249	0
1250	2
1251	1
1252	2
1253	1
1254	1
1255	2
1256	0
1257	2
1258	2
1259	0
1260	1
1261	2
1262	1
1263	1
1264	0
1265	1
1266	0
1267	0
1268	1
1269	2
1270	0
1271	1
1272	0
1273	2
1274	1
1275	0
1276	2
1277	1
1278	2
1279	1
1280	1
1281	2
1282	1
1283	0
1284	0
1285	0
1286	0
1287	0
1288	0
1289	1
1290	0
1291	0
1292	0
1293	0
1294	0
1295	0
1296	0
1297	2
1298	0
1299	0
1300	0
1301	1
1302	0
1303	1
1304	1
1305	0
1306	1
1307	2
1308	0
1309	0
1310	1
1311	2
1312	0
1313	2
1314	1
1315	1
1316	1
1317	0
1318	2
1319	0
1320	2
1321	0
1322	0
1323	1
1324	1
1325	2
1326	2
1327	0
1328	0
1329	1
1330	0
1331	0
1332	1
1333	1
1334	1
1335	1
1336	1
1337	0
1338	2
1339	2
1340	1
1341	0
1342	0
1343	1
1344	2
1345	2
1346	1
1347	1
1348	0
1349	2
1350	0
1351	0
1352	0
1353	0
1354	1
1355	2
1356	0
1357	0
1358	2
1359	1
1360	2
1361	1
1362	1
1363	1
1364	2
1365	1
1366	2
1367	1
1368	2
1369	0
1370	1
1371	0
1372	0
1373	2
1374	0
1375	2
1376	0
1377	2
1378	0
1379	2
1380	0
1381	0
1382	1
1383	0
1384	1
1385	2
1386	0
1387	0
1388	1
1389	2
1390	2
1391	1
1392	0
1393	2
1394	0
1395	0
1396	0
1397	1
1398	1
1399	2
1400	0
1401	0
1402	1
1403	0
1404	0
1405	0
1406	2
1407	2
1408	0
1409	0
1410	0
1411	0
1412	0
1413	2
1414	2
1415	2
1416	0
1417	0
1418	1
1419	0
1420	1
1421	2
1422	2
1423	0
1424	0
1425	0
1426	1
1427	2
1428	1
1429	2
1430	2
1431	1
1432	2
1433	0
1434	0
1435	1
1436	2
1437	0
1438	0
1439	0
1440	0
1441	1
1442	1
1443	2
1444	0
1445	0
1446	1
1447	0
1448	1
1449	2
1450	2
1451	0
1452	0
1453	0
1454	2
1455	0
1456	0
1457	2
1458	0
1459	0
1460	2
1461	0
1462	1
1463	0
1464	0
1465	0
1466	1
1467	0
1468	1
1469	2
1470	0
1471	0
1472	0
1473	0
1474	2
1475	0
1476	0
1477	0
1478	2
1479	0
1480	1
1481	0
1482	0
1483	0
1484	0
1485	0
1486	0
1487	2
1488	0
1489	1
1490	2
1491	0
1492	1
1493	0
1494	2
1495	2
1496	2
1497	0
1498	0
1499	2
1500	2
1501	2
1502	0
1503	1
1504	0
1505	2
1506	2
1507	1
1508	1
1509	0
1510	1
1511	0
1512	0
1513	0
1514	1
1515	1
1516	1
1517	0
1518	1
1519	0
1520	1
1521	2
1522	2
1523	1
1524	1
1525	0
1526	0
1527	0
1528	0
1529	2
1530	0
1531	1
1532	0
1533	2
1534	0
1535	0
1536	2
1537	2
1538	2
1539	2
1540	0
1541	1
1542	2
1543	1
1544	1
1545	2
1546	1
1547	0
1548	0
1549	0
1550	2
1551	0
1552	1
1553	2
1554	1
1555	1
1556	1
1557	0
1558	1
1559	1
1560	0
1561	2
1562	0
1563	2
1564	2
1565	0
1566	1
1567	1
1568	1
1569	0
1570	2
1571	2
1572	2
1573	0
1574	0
1575	0
1576	1
1577	1
1578	0
1579	0
1580	0
1581	0
1582	1
1583	1
1584	2
1585	1
1586	2
1587	2
1588	0
1589	2
1590	0
1591	0
1592	0
1593	2
1594	1
1595	2
1596	1
1597	1
1598	0
1599	1
1600	1
1601	1
1602	0
1603	2
1604	1
1605	0
1606	0
1607	0
1608	2
1609	0
1610	1
1611	0
1612	1
1613	0
1614	1
1615	2
1616	2
1617	1
1618	2
1619	2
1620	0
1621	1
1622	2
1623	1
1624	2
1625	0
1626	0
1627	1
1628	1
1629	1
1630	1
1631	0
1632	0
1633	0
1634	1
1635	1
1636	1
1637	2
1638	0
1639	1
1640	0
1641	0
1642	2
1643	1
1644	0
1645	0
1646	2
1647	2
1648	2
1649	0
1650	2
1651	0
1652	0
1653	1
1654	1
1655	1
1656	1
1657	1
1658	2
1659	1
1660	2
1661	0
1662	0
1663	1
1664	0
1665	1
1666	2
1667	0
1668	0
1669	1
1670	0
1671	1
1672	1
1673	0
1674	1
1675	0
1676	1
1677	2
1678	0
1679	1
1680	0
1681	1
1682	0
1683	1
1684	0
1685	0
1686	2
1687	0
1688	0
1689	0
1690	1
1691	1
1692	1
1693	0
1694	1
1695	1
1696	0
1697	0
1698	1
1699	0
1700	0
1701	2
1702	0
1703	0
1704	0
1705	0
1706	0
1707	0
1708	1
1709	2
1710	0
1711	2
1712	0
1713	0
1714	2
1715	0
1716	0
1717	2
1718	1
1719	0
1720	0
1721	2
1722	2
1723	1
1724	2
1725	2
1726	0
1727	2
1728	1
1729	2
1730	2
1731	0
1732	0
1733	1
1734	2
1735	0
1736	0
1737	0
1738	0
1739	0
1740	2
1741	2
1742	0
1743	1
1744	1
1745	0
1746	0
1747	0
1748	2
1749	0
1750	0
1751	1
1752	1
1753	0
1754	0
1755	1
1756	1
1757	2
1758	0
1759	2
1760	1
1761	1
1762	0
1763	0
1764	0
1765	0
1766	2
1767	1
1768	0
1769	2
1770	0
1771	2
1772	1
1773	2
1774	1
1775	0
1776	1
1777	2
1778	1
1779	0
1780	0
1781	1
1782	0
1783	1
1784	1
1785	1
1786	2
1787	1
1788	2
1789	0
1790	0
1791	2
1792	1
1793	0
1794	2
1795	0
1796	1
1797	1
1798	0
1799	0
1800	1
1801	2
1802	0
1803	1
1804	2
1805	2
1806	0
1807	0
1808	0
1809	2
1810	0
1811	0
1812	2
1813	0
1814	1
1815	0
1816	0
1817	0
1818	1
1819	1
1820	1
1821	2
1822	2
1823	1
1824	1
1825	2
1826	0
1827	1
1828	0
1829	1
1830	2
1831	2
1832	0
1833	0
1834	0
1835	0
1836	1
1837	1
1838	0
1839	0
1840	2
1841	1
1842	0
1843	2
1844	0
1845	2
1846	1
1847	2
1848	0
1849	0
1850	2
1851	2
1852	2
1853	0
1854	0
1855	2
1856	0
1857	0
1858	2
1859	0
1860	0
1861	0
1862	0
1863	0
1864	1
1865	0
1866	1
1867	0
1868	0
1869	1
1870	1
1871	0
1872	0
1873	1
1874	0
1875	2
1876	2
1877	1
1878	0
1879	2
1880	0
1881	2
1882	0
1883	0
1884	2
1885	0
1886	2
1887	0
1888	2
1889	0
1890	0
1891	2
1892	2
1893	1
1894	2
1895	0
1896	1
1897	0
1898	1
1899	1
1900	2
1901	1
1902	1
1903	0
1904	1
1905	2
1906	2
1907	0
1908	0
1909	0
1910	2
1911	1
1912	2
1913	0
1914	0
1915	2
1916	0
1917	0
1918	0
1919	1
1920	2
1921	0
1922	1
1923	1
1924	0
1925	2
1926	0
1927	0
1928	0
1929	2
1930	2
1931	2
1932	1
1933	1
1934	2
1935	1
1936	0
1937	0
1938	0
1939	1
1940	2
1941	0
1942	0
1943	2
1944	1
1945	0
1946	1
1947	0
1948	0
1949	1
1950	0
1951	0
1952	1
1953	2
1954	2
1955	1
1956	0
1957	1
1958	0
1959	2
1960	0
1961	2
1962	0
1963	1
1964	0
1965	0
1966	2
1967	1
1968	0
1969	2
1970	1
1971	1
1972	0
1973	0
1974	0
1975	0
1976	0
1977	1
1978	0
1979	2
1980	0
1981	1
1982	1
1983	0
1984	0
1985	1
1986	0
1987	0
1988	1
1989	2
1990	1
1991	2
1992	2
1993	2
1994	1
1995	0
1996	1
1997	1
1998	0
1999	0
2000	2
2001	1
2002	2
2003	1
2004	1
2005	0
2006	1
2007	0
2008	0
2009	0
2010	1
2011	0
2012	2
2013	0
2014	0
2015	1
2016	1
2017	2
2018	2
2019	1
2020	2
2021	0
2022	2
2023	0
2024	0
2025	1
2026	1
2027	2
2028	0
2029	2
2030	0
2031	0
2032	0
2033	0
2034	0
2035	1
2036	1
2037	0
2038	0
2039	2
2040	0
2041	2
2042	2
2043	0
2044	0
2045	2
2046	1
2047	0
2048	1
2049	2
2050	2
2051	2
2052	0
2053	0
2054	0
2055	2
2056	0
2057	0
2058	2
2059	1
2060	0
2061	0
2062	2
2063	0
2064	1
2065	2
2066	0
2067	0
2068	0
2069	1
2070	0
2071	2
2072	0
2073	0
2074	0
2075	1
2076	0
2077	0
2078	0
2079	0
2080	1
2081	0
2082	2
2083	0
2084	0
2085	1
2086	2
2087	2
2088	0
2089	0
2090	2
2091	0
2092	2
2093	0
2094	0
2095	2
2096	1
2097	0
2098	1
2099	1
2100	2
2101	0
2102	1
2103	0
2104	1
2105	1
2106	2
2107	0
2108	2
2109	2
2110	0
2111	0
2112	2
2113	0
2114	1
2115	1
2116	1
2117	2
2118	2
2119	2
2120	0
2121	1
2122	2
2123	0
2124	2
2125	0
2126	2
2127	1
2128	1
2129	0
2130	1
2131	0
2132	0
2133	1
2134	2
2135	1
2136	0
2137	2
2138	2
2139	2
2140	0
2141	2
2142	0
2143	0
2144	0
2145	1
2146	1
2147	1
2148	1
2149	2
2150	1
2151	1
2152	0
2153	2
2154	1
2155	0
2156	1
2157	0
2158	0
2159	0
2160	2
2161	2
2162	0
2163	1
2164	1
2165	2
2166	1
2167	1
2168	0
2169	1
2170	0
2171	2
2172	2
2173	0
2174	0
2175	1
2176	0
2177	2
2178	1
2179	0
2180	2
2181	2
2182	0
2183	2
2184	2
2185	0
2186	0
2187	1
2188	0
2189	0
2190	0
2191	2
2192	2
2193	1
2194	0
2195	0
2196	0
2197	2
2198	2
2199	1
2200	0
2201	0
2202	2
2203	0
2204	1
2205	0
2206	2
2207	0
2208	0
2209	0
2210	1
2211	0
2212	2
2213	2
2214	0
2215	1
2216	0
2217	2
2218	0
2219	2
2220	1
2221	0
2222	2
2223	0
2224	0
2225	2
2226	2
2227	1
2228	2
2229	0
2230	0
2231	2
2232	2
2233	1
2234	0
2235	0
2236	2
2237	1
2238	0
2239	1
2240	2
2241	0
2242	0
2243	0
2244	0
2245	2
2246	1
2247	0
2248	1
2249	0
2250	1
2251	2
2252	2
2253	2
2254	0
2255	0
2256	1
2257	2
2258	0
2259	0
2260	1
2261	2
2262	2
2263	2
2264	0
2265	2
2266	0
2267	2
2268	0
2269	1
2270	0
2271	1
2272	0
2273	1
2274	0
2275	0
2276	2
2277	0
2278	0
2279	0
2280	1
2281	2
2282	0
2283	1
2284	0
2285	2
2286	0
2287	2
2288	1
2289	1
2290	0
2291	1
2292	2
2293	1
2294	1
2295	0
2296	2
2297	2
2298	0
2299	2
2300	0
2301	1
2302	1
2303	2
2304	1
2305	0
2306	1
2307	2
2308	0
2309	2
2310	2
2311	1
2312	1
2313	1
2314	0
2315	2
2316	0
2317	0
2318	1
2319	2
2320	2
2321	2
2322	1
2323	2
2324	0
2325	0
2326	1
2327	0
2328	1
2329	0
2330	0
2331	0
2332	0
2333	0
2334	2
2335	2
2336	0
2337	1
2338	2
2339	0
2340	1
2341	0
2342	1
2343	1
2344	0
2345	2
2346	0
2347	2
2348	1
2349	2
2350	2
2351	1
2352	0
2353	0
2354	2
2355	0
2356	0
2357	1
2358	2
2359	0
2360	0
2361	0
2362	2
2363	1
2364	2
2365	0
2366	1
2367	0
2368	0
2369	2
2370	0
2371	0
2372	2
2373	0
2374	0
2375	1
2376	2
2377	0
2378	1
2379	1
2380	0
2381	2
2382	1
2383	0
2384	1
2385	0
2386	1
2387	2
2388	0
2389	1
2390	2
2391	0
2392	0
2393	0
2394	0
2395	0
2396	0
2397	0
2398	2
2399	2
2400	0
2401	0
2402	2
2403	1
2404	2
2405	1
2406	0
2407	0
2408	2
2409	0
2410	0
2411	1
2412	2
2413	2
2414	2
2415	1
2416	2
2417	0
2418	2
2419	0
2420	2
2421	0
2422	1
2423	1
2424	0
2425	2
2426	1
2427	0
2428	0
2429	1
2430	2
2431	0
2432	2
2433	2
2434	0
2435	2
2436	0
2437	1
2438	0
2439	1
2440	0
2441	1
2442	0
2443	0
2444	0
2445	0
2446	1
2447	1
2448	2
2449	2
2450	2
2451	0
2452	1
2453	2
2454	0
2455	0
2456	0
2457	0
2458	2
2459	0
2460	2
2461	1
2462	0
2463	0
2464	2
2465	0
2466	0
2467	1
2468	1
2469	1
2470	2
2471	2
2472	1
2473	1
2474	2
2475	1
2476	2
2477	2
2478	1
2479	0
2480	1
2481	0
2482	1
2483	1
2484	0
2485	1
2486	1
2487	1
2488	0
2489	2
2490	0
2491	1
2492	0
2493	0
2494	0
2495	0
2496	0
2497	1
2498	1
2499	2
2500	2
2501	0
2502	2
2503	2
2504	0
2505	0
2506	2
2507	1
2508	2
2509	2
2510	0
2511	2
2512	0
2513	2
2514	1
2515	1
2516	1
2517	0
2518	0
2519	0
2520	1
2521	1
2522	0
2523	1
2524	0
2525	1
2526	0
2527	0
2528	0
2529	0
2530	1
2531	0
2532	2
2533	0
2534	2
2535	1
2536	2
2537	1
2538	2
2539	1
2540	2
2541	0
2542	2
2543	0
2544	1
2545	0
2546	2
2547	1
2548	0
2549	0
2550	1
2551	2
2552	1
2553	1
2554	0
2555	1
2556	1
2557	2
2558	0
2559	1
2560	0
2561	2
2562	0
2563	0
2564	0
2565	0
2566	1
2567	0
2568	1
2569	2
2570	2
2571	1
2572	0
2573	2
2574	2
2575	0
2576	1
2577	0
2578	1
2579	2
2580	0
2581	1
2582	1
2583	2
2584	1
2585	1
2586	0
2587	0
2588	2
2589	0
2590	1
2591	1
2592	2
2593	0
2594	2
2595	1
2596	1
2597	0
2598	0
2599	1
2600	1
2601	0
2602	0
2603	1
2604	0
2605	2
2606	0
2607	2
2608	1
2609	2
2610	1
2611	0
2612	1
2613	2
2614	0
2615	0
2616	1
2617	0
2618	0
2619	0
2620	2
2621	1
2622	2
2623	1
2624	0
2625	2
2626	1
2627	1
2628	0
2629	2
2630	1
2631	0
2632	0
2633	2
2634	0
2635	2
2636	1
2637	2
2638	0
2639	1
2640	1
2641	1
2642	0
2643	1
2644	2
2645	1
2646	0
2647	2
2648	1
2649	2
2650	0
2651	0
2652	0
2653	0
2654	1
2655	0
2656	1
2657	2
2658	0
2659	2
2660	1
2661	2
2662	2
2663	2
2664	2
2665	0
2666	0
2667	0
2668	2
2669	2
2670	0
2671	2
2672	0
2673	0
2674	0
2675	0
2676	0
2677	0
2678	0
2679	1
2680	1
2681	0
2682	1
2683	1
2684	1
2685	0
2686	2
2687	2
2688	0
2689	2
2690	2
2691	0
2692	0
2693	0
2694	0
2695	0
2696	2
2697	0
2698	2
2699	2
2700	0
2701	2
2702	0
2703	0
2704	0
2705	2
2706	0
2707	0
2708	1
2709	2
2710	0
2711	1
2712	1
2713	1
2714	1
2715	0
2716	1
2717	1
2718	0
2719	0
2720	1
2721	1
2722	0
2723	1
2724	1
2725	2
2726	0
2727	2
2728	1
2729	0
2730	2
2731	2
2732	0
2733	2
2734	2
2735	0
2736	1
2737	0
2738	2
2739	2
2740	0
2741	2
2742	2
2743	2
2744	0
2745	0
2746	0
2747	0
2748	1
2749	0
2750	1
2751	0
2752	1
2753	0
2754	2
2755	1
2756	0
2757	0
2758	1
2759	1
2760	1
2761	0
2762	0
2763	0
2764	0
2765	2
2766	0
2767	0
2768	2
2769	0
2770	2
2771	2
2772	2
2773	2
2774	1
2775	1
2776	1
2777	0
2778	0
2779	2
2780	2
2781	1
2782	1
2783	1
2784	0
2785	2
2786	0
2787	0
2788	0
2789	1
2790	2
2791	0
2792	0
2793	1
2794	0
2795	0
2796	0
2797	1
2798	1
2799	0
2800	2
2801	0
2802	2
2803	0
2804	0
2805	1
2806	1
2807	1
2808	1
2809	1
2810	2
2811	1
2812	0
2813	2
2814	0
2815	2
2816	0
2817	1
2818	1
2819	2
2820	2
2821	0
2822	0
2823	0
2824	2
2825	0
2826	0
2827	0
2828	2
2829	0
2830	1
2831	2
2832	2
2833	1
2834	1
2835	0
2836	0
2837	1
2838	1
2839	2
2840	2
2841	0
2842	2
2843	2
2844	0
2845	0
2846	0
2847	1
2848	0
2849	1
2850	0
2851	1
2852	2
2853	2
2854	0
2855	0
2856	2
2857	2
2858	1
2859	1
2860	1
2861	1
2862	1
2863	2
2864	2
2865	2
2866	0
2867	2
2868	1
2869	0
2870	1
2871	2
2872	0
2873	2
2874	0
2875	2
2876	1
2877	2
2878	1
2879	0
2880	1
2881	1
2882	0
2883	1
2884	1
2885	1
2886	0
2887	1
2888	0
2889	0
2890	2
2891	2
2892	2
2893	0
2894	1
2895	1
2896	0
2897	0
2898	2
2899	0
2900	0
2901	0
2902	1
2903	1
2904	0
2905	0
2906	0
2907	1
2908	2
2909	0
2910	0
2911	2
2912	0
2913	2
2914	1
2915	1
2916	1
2917	2
2918	2
2919	0
2920	1
2921	2
2922	1
2923	2
2924	0
2925	2
2926	0
2927	0
2928	1
2929	0
2930	0
2931	2
2932	0
2933	0
2934	1
2935	2
2936	0
2937	2
2938	0
2939	2
2940	2
2941	0
2942	1
2943	0
2944	1
2945	1
2946	0
2947	0
2948	1
2949	0
2950	0
2951	0
2952	0
2953	0
2954	0
2955	0
2956	1
2957	0
2958	1
2959	2
2960	0
2961	1
2962	0
2963	0
2964	0
2965	2
2966	1
2967	1
2968	1
2969	1
2970	0
2971	0
2972	0
2973	2
2974	2
2975	0
2976	1
2977	1
2978	0
2979	0
2980	0
2981	0
2982	2
2983	1
2984	1
2985	0
2986	0
2987	0
2988	1
2989	0
2990	1
2991	0
2992	2
2993	0
2994	1
2995	2
2996	1
2997	1
2998	2
2999	1
3000	2
3001	0
3002	0
3003	1
3004	0
3005	0
3006	0
3007	2
3008	0
3009	0
3010	2
3011	0
3012	0
3013	0
3014	2
3015	1
3016	1
3017	2
3018	0
3019	2
3020	0
3021	0
3022	0
3023	0
3024	0
3025	2
3026	2
3027	2
3028	1
3029	0
3030	0
3031	1
3032	0
3033	2
3034	2
3035	2
3036	2
3037	1
3038	0
3039	1
3040	2
3041	1
3042	0
3043	0
3044	0
3045	0
3046	2
3047	0
3048	2
3049	0
3050	2
3051	0
3052	0
3053	0
3054	1
3055	0
3056	0
3057	1
3058	2
3059	1
3060	1
3061	0
3062	0
3063	0
3064	1
3065	1
3066	0
3067	1
3068	0
3069	0
3070	1
3071	2
3072	1
3073	1
3074	2
3075	0
3076	0
3077	1
3078	0
3079	0
3080	1
3081	2
3082	1
3083	0
3084	1
3085	1
3086	0
3087	0
3088	0
3089	1
3090	0
3091	0
3092	0
3093	2
3094	0
3095	0
3096	0
3097	0
3098	0
3099	0
3100	2
3101	0
3102	1
3103	0
3104	2
3105	0
3106	2
3107	0
3108	0
3109	0
3110	0
3111	2
3112	0
3113	1
3114	2
3115	0
3116	0
3117	2
3118	0
3119	2
3120	0
3121	2
3122	0
3123	0
3124	1
3125	0
3126	1
3127	2
3128	0
3129	2
3130	0
3131	1
3132	0
3133	0
3134	2
3135	2
3136	2
3137	2
3138	1
3139	2
3140	1
3141	1
3142	1
3143	0
3144	0
3145	0
3146	0
3147	1
3148	2
3149	2
3150	2
3151	2
3152	2
3153	0
3154	2
3155	0
3156	1
3157	1
3158	0
3159	2
3160	0
3161	1
3162	2
3163	2
3164	0
3165	2
3166	0
3167	2
3168	0
3169	2
3170	1
3171	1
3172	2
3173	0
3174	1
3175	2
3176	0
3177	1
3178	2
3179	1
3180	2
3181	0
3182	0
3183	0
3184	1
3185	1
3186	1
3187	0
3188	1
3189	2
3190	1
3191	1
3192	1
3193	2
3194	0
3195	2
3196	2
3197	2
3198	1
3199	0
3200	1
3201	0
3202	0
3203	1
3204	1
3205	1
3206	0
3207	0
3208	0
3209	2
3210	2
3211	2
3212	2
3213	1
3214	2
3215	0
3216	1
3217	1
3218	0
3219	0
3220	1
3221	1
3222	2
3223	0
3224	0
3225	0
3226	2
3227	0
3228	1
3229	1
3230	1
3231	2
3232	2
3233	2
3234	2
3235	1
3236	2
3237	0
3238	1
3239	2
3240	2
3241	2
3242	2
3243	1
3244	0
3245	0
3246	0
3247	0
3248	0
3249	1
3250	0
3251	1
3252	1
3253	0
3254	0
3255	2
3256	0
3257	0
3258	0
3259	0
3260	2
3261	1
3262	0
3263	0
3264	0
3265	0
3266	0
3267	2
3268	0
3269	2
3270	2
3271	2
3272	0
3273	2
3274	0
3275	1
3276	0
3277	1
3278	2
3279	0
3280	0
3281	1
3282	1
3283	0
3284	0
3285	1
3286	2
3287	2
3288	2
3289	1
3290	2
3291	2
3292	2
3293	2
3294	1
3295	2
3296	0
3297	1
3298	0
3299	1
3300	0
3301	2
3302	0
3303	1
3304	2
3305	0
3306	2
3307	0
3308	0
3309	2
3310	1
3311	0
3312	0
3313	2
3314	0
3315	2
3316	2
3317	1
3318	2
3319	2
3320	2
3321	0
3322	1
3323	2
3324	0
3325	1
3326	0
3327	0
3328	2
3329	0
3330	0
3331	1
3332	2
3333	0
3334	1
3335	0
3336	1
3337	1
3338	0
3339	1
3340	2
3341	1
3342	2
3343	0
3344	1
3345	0
3346	1
3347	1
3348	0
3349	2
3350	0
3351	0
3352	0
3353	2
3354	2
3355	2
3356	1
3357	2
3358	0
3359	0
3360	0
3361	0
3362	1
3363	2
3364	0
3365	2
3366	0
3367	0
3368	2
3369	0
3370	1
3371	0
3372	0
3373	0
3374	0
3375	1
3376	1
3377	2
3378	0
3379	1
3380	1
3381	2
3382	0
3383	1
3384	1
3385	0
3386	0
3387	0
3388	1
3389	1
3390	2
3391	0
3392	0
3393	0
3394	1
3395	0
3396	0
3397	0
3398	2
3399	1
3400	2
3401	2
3402	2
3403	2
3404	2
3405	0
3406	0
3407	0
3408	1
3409	1
3410	0
3411	0
3412	2
3413	1
3414	1
3415	2
3416	2
3417	1
3418	1
3419	0
3420	2
3421	0
3422	2
3423	0
3424	0
3425	2
3426	2
3427	2
3428	1
3429	1
3430	0
3431	2
3432	2
3433	2
3434	2
3435	0
3436	1
3437	0
3438	1
3439	2
3440	0
3441	1
3442	0
3443	0
3444	0
3445	2
3446	0
3447	1
3448	0
3449	1
3450	0
3451	0
3452	2
3453	0
3454	0
3455	0
3456	1
3457	0
3458	1
3459	0
3460	2
3461	0
3462	0
3463	2
3464	2
3465	1
3466	0
3467	2
3468	2
3469	0
3470	2
3471	0
3472	1
3473	2
3474	0
3475	1
3476	0
3477	2
3478	1
3479	2
3480	0
3481	2
3482	0
3483	0
3484	1
3485	1
3486	2
3487	0
3488	0
3489	0
3490	2
3491	1
3492	0
3493	1
3494	0
3495	0
3496	0
3497	2
3498	0
3499	2
3500	0
3501	2
3502	0
3503	0
3504	0
3505	1
3506	0
3507	1
3508	0
3509	0
3510	2
3511	0
3512	2
3513	1
3514	2
3515	1
3516	2
3517	0
3518	0
3519	1
3520	0
3521	1
3522	2
3523	2
3524	2
3525	0
3526	2
3527	0
3528	0
3529	0
3530	0
3531	2
3532	0
3533	0
3534	0
3535	2
3536	2
3537	1
3538	2
3539	2
3540	2
3541	0
3542	1
3543	0
3544	0
3545	2
3546	0
3547	0
3548	0
3549	2
3550	0
3551	0
3552	0
3553	0
3554	1
3555	2
3556	0
3557	1
3558	0
3559	2
3560	0
3561	0
3562	2
3563	0
3564	0
3565	0
3566	1
3567	2
3568	0
3569	2
3570	0
3571	0
3572	0
3573	2
3574	1
3575	2
3576	1
3577	0
3578	2
3579	0
3580	2
3581	0
3582	0
3583	1
3584	2
3585	1
3586	0
3587	1
3588	2
3589	0
3590	2
3591	2
3592	0
3593	1
3594	1
3595	0
3596	0
3597	0
3598	2
3599	1
3600	1
3601	0
3602	1
3603	0
3604	0
3605	2
3606	2
3607	2
3608	1
3609	0
3610	2
3611	0
3612	0
3613	0
3614	2
3615	1
3616	2
3617	0
3618	0
3619	0
3620	1
3621	0
3622	0
3623	2
3624	1
3625	0
3626	1
3627	0
3628	1
3629	0
3630	0
3631	2
3632	1
3633	2
3634	1
3635	2
3636	0
3637	2
3638	0
3639	0
3640	1
3641	1
3642	1
3643	2
3644	0
3645	1
3646	0
3647	2
3648	0
3649	0
3650	1
3651	0
3652	1
3653	0
3654	1
3655	1
3656	0
3657	1
3658	1
3659	1
3660	2
3661	0
3662	0
3663	0
3664	0
3665	0
3666	2
3667	0
3668	1
3669	2
3670	2
3671	0
3672	1
3673	2
3674	0
3675	2
3676	0
3677	2
3678	2
3679	1
3680	0
3681	0
3682	1
3683	0
3684	2
3685	0
3686	2
3687	0
3688	1
3689	0
3690	2
3691	2
3692	0
3693	0
3694	2
3695	1
3696	1
3697	2
3698	1
3699	1
3700	2
3701	0
3702	0
3703	0
3704	2
3705	1
3706	0
3707	2
3708	1
3709	0
3710	1
3711	1
3712	0
3713	0
3714	0
3715	1
3716	0
3717	0
3718	1
3719	0
3720	2
3721	1
3722	0
3723	2
3724	1
3725	1
3726	0
3727	2
3728	2
3729	0
3730	0
3731	2
3732	1
3733	1
3734	0
3735	2
3736	1
3737	2
3738	0
3739	0
3740	2
3741	1
3742	0
3743	1
3744	2
3745	1
3746	1
3747	2
3748	1
3749	1
3750	0
3751	2
3752	0
3753	0
3754	2
3755	1
3756	0
3757	0
3758	1
3759	1
3760	0
3761	0
3762	2
3763	0
3764	0
3765	2
3766	1
3767	0
3768	2
3769	1
3770	1
3771	0
3772	2
3773	2
3774	2
3775	2
3776	0
3777	2
3778	2
3779	1
3780	2
3781	0
3782	2
3783	0
3784	2
3785	1
3786	1
3787	1
3788	2
3789	0
3790	1
3791	0
3792	1
3793	2
3794	0
3795	1
3796	0
3797	0
3798	2
3799	1
3800	2
3801	0
3802	1
3803	2
3804	0
3805	0
3806	1
3807	1
3808	0
3809	2
3810	2
3811	0
3812	1
3813	0
3814	1
3815	0
3816	2
3817	2
3818	0
3819	2
3820	0
3821	0
3822	1
3823	0
3824	0
3825	2
3826	2
3827	1
3828	0
3829	2
3830	1
3831	1
3832	0
3833	2
3834	1
3835	1
3836	1
3837	0
3838	2
3839	0
3840	2
3841	2
3842	1
3843	0
3844	0
3845	0
3846	2
3847	2
3848	0
3849	0
3850	0
3851	0
3852	1
3853	2
3854	1
3855	0
3856	0
3857	0
3858	1
3859	1
3860	1
3861	1
3862	1
3863	1
3864	0
3865	1
3866	1
3867	2
3868	0
3869	2
3870	1
3871	0
3872	2
3873	0
3874	2
3875	0
3876	0
3877	0
3878	2
3879	2
3880	1
3881	0
3882	0
3883	0
3884	0
3885	0
3886	2
3887	1
3888	1
3889	2
3890	2
3891	2
3892	0
3893	2
3894	1
3895	1
3896	0
3897	1
3898	0
3899	2
3900	2
3901	1
3902	0
3903	0
3904	0
3905	0
3906	2
3907	2
3908	0
3909	1
3910	0
3911	0
3912	0
3913	0
3914	2
3915	0
3916	1
3917	2
3918	1
3919	0
3920	2
3921	1
3922	2
3923	2
3924	0
3925	2
3926	0
3927	0
3928	2
3929	0
3930	0
3931	2
3932	0
3933	1
3934	0
3935	1
3936	2
3937	1
3938	1
3939	1
3940	0
3941	2
3942	0
3943	1
3944	1
3945	0
3946	2
3947	0
3948	1
3949	0
3950	2
3951	1
3952	0
3953	1
3954	0
3955	0
3956	0
3957	2
3958	0
3959	0
3960	0
3961	1
3962	0
3963	0
3964	0
3965	0
3966	2
3967	2
3968	0
3969	1
3970	0
3971	0
3972	0
3973	1
3974	1
3975	0
3976	2
3977	1
3978	0
3979	1
3980	2
3981	1
3982	0
3983	0
3984	0
3985	2
3986	1
3987	2
3988	0
3989	2
3990	0
3991	2
3992	1
3993	0
3994	1
3995	1
3996	1
3997	1
3998	2
3999	0
4000	2
4001	1
4002	2
4003	0
4004	2
4005	0
4006	2
4007	0
4008	2
4009	0
4010	2
4011	0
4012	0
4013	2
4014	0
4015	0
4016	1
4017	2
4018	2
4019	2
4020	2
4021	0
4022	0
4023	0
4024	2
4025	0
4026	0
4027	0
4028	0
4029	1
4030	0
4031	1
4032	1
4033	0
4034	2
4035	1
4036	0
4037	0
4038	0
4039	0
4040	0
4041	2
4042	0
4043	2
4044	2
4045	1
4046	0
4047	0
4048	0
4049	1
4050	0
4051	2
4052	1
4053	0
4054	2
4055	2
4056	1
4057	2
4058	1
4059	0
4060	1
4061	2
4062	1
4063	1
4064	2
4065	2
4066	2
4067	2
4068	0
4069	1
4070	2
4071	2
4072	0
4073	2
4074	1
4075	1
4076	2
4077	0
4078	2
4079	0
4080	0
4081	0
4082	0
4083	1
4084	1
4085	1
4086	2
4087	0
4088	2
4089	0
4090	1
4091	2
4092	1
4093	0
4094	2
4095	2
4096	2
4097	0
4098	0
4099	0
4100	0
4101	0
4102	0
4103	0
4104	2
4105	2
4106	0
4107	2
4108	0
4109	2
4110	1
4111	0
4112	0
4113	2
4114	0
4115	0
4116	2
4117	0
4118	2
4119	1
4120	0
4121	0
4122	0
4123	2
4124	2
4125	2
4126	0
4127	1
4128	2
4129	0
4130	2
4131	1
4132	1
4133	0
4134	1
4135	0
4136	2
4137	0
4138	0
4139	1
4140	2
4141	1
4142	0
4143	2
4144	1
4145	0
4146	2
4147	0
4148	1
4149	2
4150	2
4151	1
4152	2
4153	0
4154	0
4155	0
4156	2
4157	0
4158	2
4159	2
4160	1
4161	2
4162	2
4163	2
4164	0
4165	2
4166	0
4167	0
4168	2
4169	0
4170	1
4171	2
4172	1
4173	2
4174	1
4175	2
4176	2
4177	0
4178	1
4179	0
4180	0
4181	1
4182	2
4183	0
4184	1
4185	0
4186	0
4187	0
4188	1
4189	2
4190	2
4191	2
4192	0
4193	2
4194	0
4195	1
4196	1
4197	0
4198	1
4199	2
4200	1
4201	0
4202	0
4203	0
4204	0
4205	2
4206	2
4207	0
4208	1
4209	2
4210	0
4211	0
4212	0
4213	0
4214	2
4215	0
4216	1
4217	0
4218	2
4219	0
4220	1
4221	0
4222	2
4223	0
4224	1
4225	1
4226	0
4227	0
4228	0
4229	1
4230	0
4231	0
4232	1
4233	1
4234	2
4235	0
4236	2
4237	2
4238	0
4239	0
4240	1
4241	1
4242	0
4243	1
4244	1
4245	1
4246	0
4247	0
4248	0
4249	2
4250	0
4251	1
4252	1
4253	1
4254	0
4255	0
4256	0
4257	1
4258	1
4259	0
4260	0
4261	2
4262	2
4263	0
4264	1
4265	2
4266	0
4267	2
4268	0
4269	1
4270	1
4271	1
4272	0
4273	2
4274	1
4275	0
4276	2
4277	0
4278	1
4279	1
4280	0
4281	0
4282	1
4283	2
4284	2
4285	1
4286	1
4287	1
4288	1
4289	2
4290	0
4291	2
4292	0
4293	0
4294	2
4295	0
4296	0
4297	0
4298	0
4299	0
4300	1
4301	1
4302	2
4303	2
4304	1
4305	2
4306	2
4307	0
4308	2
4309	0
4310	0
4311	2
4312	1
4313	0
4314	0
4315	0
4316	2
4317	1
4318	0
4319	0
4320	0
4321	1
4322	0
4323	2
4324	0
4325	0
4326	0
4327	1
4328	2
4329	0
4330	2
4331	0
4332	2
4333	2
4334	0
4335	2
4336	2
4337	0
4338	0
4339	0
4340	1
4341	2
4342	2
4343	1
4344	0
4345	1
4346	0
4347	0
4348	0
4349	0
4350	2
4351	2
4352	0
4353	0
4354	0
4355	0
4356	0
4357	0
4358	1
4359	0
4360	1
4361	2
4362	2
4363	0
4364	1
4365	0
4366	2
4367	2
4368	0
4369	2
4370	0
4371	1
4372	0
4373	0
4374	2
4375	1
4376	0
4377	0
4378	2
4379	1
4380	2
4381	0
4382	2
4383	2
4384	0
4385	1
4386	1
4387	0
4388	1
4389	1
4390	2
4391	0
4392	0
4393	1
4394	2
4395	2
4396	0
4397	2
4398	1
4399	1
4400	0
4401	1
4402	0
4403	0
4404	1
4405	1
4406	0
4407	1
4408	2
4409	2
4410	0
4411	0
4412	0
4413	0
4414	0
4415	1
4416	2
4417	2
4418	1
4419	0
4420	1
4421	0
4422	1
4423	0
4424	0
4425	0
4426	1
4427	2
4428	0
4429	0
4430	2
4431	0
4432	0
4433	0
4434	1
4435	2
4436	2
4437	2
4438	0
4439	1
4440	0
4441	0
4442	2
4443	0
4444	1
4445	2
4446	2
4447	1
4448	1
4449	0
4450	1
4451	0
4452	2
4453	0
4454	0
4455	0
4456	2
4457	2
4458	0
4459	0
4460	1
4461	0
4462	1
4463	0
4464	0
4465	0
4466	2
4467	0
4468	0
4469	0
4470	2
4471	0
4472	0
4473	0
4474	1
4475	0
4476	0
4477	1
4478	1
4479	2
4480	1
4481	2
4482	0
4483	0
4484	2
4485	0
4486	1
4487	2
4488	1
4489	1
4490	1
4491	0
4492	1
4493	0
4494	2
4495	2
4496	0
4497	2
4498	2
4499	1
4500	0
4501	1
4502	2
4503	1
4504	1
4505	0
4506	0
4507	1
4508	1
4509	2
4510	2
4511	2
4512	1
4513	2
4514	2
4515	0
4516	0
4517	1
4518	0
4519	2
4520	2
4521	0
4522	2
4523	0
4524	0
4525	0
4526	1
4527	0
4528	2
4529	2
4530	1
4531	1
4532	0
4533	0
4534	0
4535	2
4536	2
4537	1
4538	1
4539	2
4540	0
4541	0
4542	2
4543	0
4544	0
4545	2
4546	0
4547	1
4548	2
4549	1
4550	1
4551	2
4552	1
4553	1
4554	1
4555	0
4556	1
4557	2
4558	1
4559	1
4560	0
4561	0
4562	2
4563	2
4564	1
4565	0
4566	0
4567	2
4568	2
4569	2
4570	0
4571	0
4572	0
4573	0
4574	2
4575	0
4576	2
4577	1
4578	2
4579	2
4580	0
4581	2
4582	0
4583	0
4584	1
4585	0
4586	0
4587	0
4588	0
4589	0
4590	0
4591	0
4592	0
4593	1
4594	0
4595	0
4596	0
4597	0
4598	0
4599	1
4600	1
4601	0
4602	1
4603	1
4604	0
4605	0
4606	1
4607	0
4608	0
4609	1
4610	1
4611	1
4612	1
4613	2
4614	0
4615	1
4616	1
4617	0
4618	1
4619	2
4620	0
4621	0
4622	1
4623	0
4624	0
4625	2
4626	0
4627	0
4628	0
4629	0
4630	1
4631	2
4632	0
4633	1
4634	1
4635	1
4636	0
4637	1
4638	2
4639	0
4640	0
4641	0
4642	1
4643	1
4644	0
4645	0
4646	2
4647	0
4648	0
4649	0
4650	0
4651	2
4652	0
4653	0
4654	2
4655	0
4656	2
4657	1
4658	0
4659	2
4660	1
4661	0
4662	2
4663	2
4664	1
4665	0
4666	1
4667	0
4668	0
4669	1
4670	0
4671	0
4672	1
4673	2
4674	2
4675	0
4676	2
4677	0
4678	2
4679	2
4680	0
4681	0
4682	0
4683	1
4684	1
4685	2
4686	0
4687	0
4688	2
4689	0
4690	0
4691	0
4692	0
4693	2
4694	2
4695	2
4696	0
4697	1
4698	0
4699	2
4700	1
4701	2
4702	0
4703	2
4704	1
4705	0
4706	0
4707	1
4708	1
4709	1
4710	0
4711	0
4712	0
4713	2
4714	0
4715	0
4716	0
4717	0
4718	2
4719	2
4720	2
4721	0
4722	1
4723	0
4724	0
4725	2
4726	0
4727	0
4728	0
4729	2
4730	2
4731	0
4732	0
4733	0
4734	0
4735	0
4736	0
4737	1
4738	1
4739	0
4740	2
4741	0
4742	0
4743	2
4744	0
4745	0
4746	2
4747	0
4748	0
4749	0
4750	1
4751	0
4752	1
4753	1
4754	0
4755	1
4756	1
4757	2
4758	0
4759	0
4760	1
4761	0
4762	0
4763	1
4764	0
4765	0
4766	1
4767	1
4768	0
4769	0
4770	2
4771	1
4772	0
4773	0
4774	2
4775	2
4776	1
4777	2
4778	0
4779	1
4780	2
4781	0
4782	0
4783	0
4784	0
4785	0
4786	0
4787	2
4788	2
4789	1
4790	0
4791	0
4792	0
4793	2
4794	2
4795	0
4796	0
4797	1
4798	1
4799	1
4800	2
4801	1
4802	2
4803	0
4804	0
4805	0
4806	0
4807	1
4808	0
4809	1
4810	0
4811	2
4812	2
4813	0
4814	2
4815	0
4816	2
4817	1
4818	0
4819	2
4820	0
4821	2
4822	1
4823	2
4824	0
4825	2
4826	1
4827	2
4828	2
4829	2
4830	0
4831	0
4832	1
4833	2
4834	2
4835	1
4836	2
4837	2
4838	0
4839	1
4840	0
4841	1
4842	0
4843	0
4844	1
4845	0
4846	2
4847	2
4848	1
4849	2
4850	2
4851	1
4852	2
4853	0
4854	2
4855	1
4856	1
4857	0
4858	2
4859	0
4860	1
4861	1
4862	0
4863	2
4864	0
4865	0
4866	1
4867	1
4868	0
4869	2
4870	0
4871	2
4872	2
4873	0
4874	0
4875	0
4876	0
4877	1
4878	2
4879	0
4880	1
4881	1
4882	1
4883	1
4884	1
4885	0
4886	0
4887	2
4888	0
4889	0
4890	0
4891	2
4892	2
4893	0
4894	2
4895	2
4896	1
4897	0
4898	2
4899	0
4900	0
4901	0
4902	0
4903	0
4904	0
4905	1
4906	2
4907	1
4908	2
4909	0
4910	2
4911	0
4912	1
4913	0
4914	0
4915	0
4916	0
4917	0
4918	0
4919	1
4920	1
4921	0
4922	2
4923	2
4924	0
4925	2
4926	0
4927	1
4928	2
4929	2
4930	2
4931	0
4932	0
4933	0
4934	1
4935	2
4936	2
4937	0
4938	2
4939	1
4940	2
4941	2
4942	1
4943	2
4944	0
4945	0
4946	0
4947	1
4948	1
4949	2
4950	1
4951	1
4952	2
4953	0
4954	1
4955	1
4956	1
4957	0
4958	2
4959	0
4960	2
4961	2
4962	1
4963	2
4964	1
4965	2
4966	1
4967	0
4968	1
4969	0
4970	2
4971	1
4972	2
4973	0
4974	0
4975	1
4976	1
4977	1
4978	2
4979	1
4980	0
4981	2
4982	2
4983	1
4984	0
4985	0
4986	0
4987	0
4988	0
4989	2
4990	2
4991	0
4992	2
4993	1
4994	2
4995	2
4996	0
4997	1
4998	2
4999	0
5000	0
