1	0
2	2
3	2
4	1
5	2
6	2
7	1
8	0
9	1
10	0
11	2
12	0
13	0
14	0
15	0
16	0
17	0
18	0
19	2
20	2
21	0
22	1
23	1
24	0
25	2
26	2
27	0
28	1
29	1
30	1
31	0
32	2
33	0
34	1
35	2
36	1
37	2
38	1
39	2
40	1
41	2
42	1
43	0
44	0
45	2
46	1
47	0
48	2
49	2
50	2
51	0
52	1
53	1
54	1
55	2
56	0
57	2
58	2
59	2
60	2
61	2
62	0
63	2
64	1
65	0
66	1
67	2
68	1
69	1
70	2
71	2
72	2
73	0
74	1
75	2
76	0
77	2
78	2
79	1
80	2
81	0
82	2
83	2
84	2
85	0
86	1
87	2
88	1
89	0
90	0
91	2
92	2
93	2
94	2
95	1
96	2
97	0
98	2
99	1
100	0
101	2
102	1
103	1
104	2
105	0
106	0
107	0
108	0
109	1
110	1
111	0
112	2
113	1
114	2
115	0
116	0
117	0
118	2
119	2
120	2
121	2
122	0
123	1
124	0
125	0
126	0
127	0
128	1
129	2
130	0
131	0
132	0
133	0
134	1
135	2
136	0
137	1
138	2
139	1
140	0
141	2
142	1
143	2
144	0
145	0
146	1
147	2
148	1
149	1
150	1
151	1
152	0
153	1
154	1
155	0
156	2
157	2
158	0
159	0
160	2
161	2
162	1
163	2
164	2
165	2
166	2
167	0
168	2
169	0
170	1
171	1
172	1
173	2
174	0
175	1
176	0
177	1
178	0
179	1
180	0
181	2
182	1
183	0
184	0
185	0
186	0
187	1
188	0
189	1
190	1
191	2
192	1
193	0
194	2
195	1
196	0
197	2
198	1
199	2
200	2
201	2
202	1
203	1
204	1
205	1
206	2
207	1
208	1
209	0
210	2
211	1
212	0
213	1
214	0
215	0
216	1
217	1
218	1
219	0
220	0
221	2
222	1
223	0
224	2
225	0
226	0
227	2
228	2
229	1
230	1
231	1
232	2
233	0
234	2
235	2
236	0
237	0
238	2
239	2
240	0
241	2
242	1
243	2
244	0
245	2
246	0
247	2
248	2
249	1
250	0
251	2
252	0
253	2
254	2
255	0
256	2
257	0
258	2
259	1
260	2
261	2
262	0
263	2
264	1
265	2
266	0
267	0
268	2
269	0
270	2
271	0
272	2
273	2
274	2
275	2
276	2
277	1
278	1
279	1
280	0
281	2
282	1
283	1
284	0
285	0
286	0
287	1
288	0
289	2
290	1
291	1
292	0
293	2
294	1
295	1
296	2
297	0
298	2
299	2
300	1
301	1
302	1
303	2
304	0
305	2
306	0
307	0
308	2
309	2
310	0
311	2
312	0
313	0
314	1
315	1
316	0
317	0
318	2
319	1
320	1
321	1
322	1
323	2
324	1
325	1
326	1
327	1
328	1
329	0
330	2
331	2
332	2
333	1
334	0
335	1
336	1
337	0
338	2
339	1
340	0
341	2
342	2
343	2
344	0
345	1
346	1
347	0
348	0
349	1
350	1
351	2
352	0
353	2
354	1
355	1
356	2
357	2
358	0
359	2
360	1
361	2
362	1
363	0
364	0
365	0
366	0
367	0
368	0
369	1
370	0
371	1
372	1
373	0
374	0
375	1
376	1
377	2
378	1
379	0
380	0
381	1
382	1
383	1
384	2
385	0
386	1
387	1
388	2
389	0
390	2
391	2
392	0
393	1
394	2
395	1
396	1
397	1
398	1
399	0
400	2
401	2
402	2
403	2
404	1
405	0
406	0
407	2
408	0
409	0
410	0
411	1
412	1
413	0
414	0
415	1
416	0
417	2
418	1
419	0
420	0
421	1
422	2
423	2
424	1
425	1
426	0
427	2
428	2
429	2
430	1
431	1
432	2
433	2
434	0
435	0
436	1
437	1
438	1
439	0
440	0
441	0
442	1
443	1
444	0
445	1
446	1
447	0
448	1
449	2
450	0
451	1
452	2
453	2
454	1
455	0
456	1
457	2
458	2
459	1
460	2
461	0
462	0
463	1
464	2
465	0
466	2
467	2
468	2
469	1
470	2
471	0
472	1
473	1
474	0
475	2
476	0
477	1
478	1
479	0
480	0
481	0
482	0
483	0
484	0
485	2
486	1
487	0
488	0
489	2
490	0
491	0
492	2
493	1
494	1
495	2
496	2
497	2
498	1
499	1
500	1
501	1
502	0
503	1
504	1
505	1
506	0
507	2
508	2
509	2
510	2
511	0
512	0
513	1
514	1
515	1
516	1
517	1
518	0
519	0
520	1
521	2
522	0
523	2
524	1
525	1
526	1
527	0
528	0
529	1
530	2
531	0
532	2
533	1
534	2
535	1
536	2
537	0
538	0
539	2
540	1
541	0
542	0
543	2
544	2
545	2
546	1
547	0
548	2
549	0
550	0
551	1
552	2
553	0
554	2
555	2
556	1
557	1
558	0
559	1
560	2
561	1
562	0
563	0
564	0
565	2
566	0
567	0
568	0
569	0
570	1
571	1
572	2
573	0
574	1
575	2
576	0
577	0
578	1
579	1
580	2
581	2
582	2
583	0
584	2
585	1
586	2
587	1
588	1
589	1
590	1
591	2
592	2
593	0
594	2
595	2
596	2
597	1
598	2
599	0
600	2
601	2
602	1
603	2
604	0
605	1
606	2
607	0
608	0
609	2
610	1
611	1
612	0
613	1
614	2
615	1
616	0
617	1
618	1
619	2
620	0
621	1
622	0
623	1
624	2
625	1
626	2
627	0
628	0
629	0
630	1
631	1
632	1
633	1
634	0
635	0
636	2
637	1
638	0
639	2
640	0
641	2
642	1
643	0
644	1
645	2
646	0
647	0
648	2
649	2
650	1
651	0
652	0
653	2
654	2
655	2
656	1
657	2
658	1
659	2
660	0
661	2
662	0
663	0
664	0
665	0
666	1
667	1
668	2
669	1
670	2
671	2
672	0
673	1
674	0
675	1
676	2
677	0
678	2
679	1
680	1
681	1
682	1
683	0
684	2
685	2
686	0
687	2
688	2
689	1
690	1
691	0
692	1
693	2
694	0
695	2
696	0
697	2
698	2
699	0
700	2
701	2
702	0
703	2
704	0
705	2
706	0
707	1
708	2
709	1
710	2
711	1
712	1
713	0
714	1
715	1
716	2
717	2
718	2
719	0
720	2
721	0
722	1
723	0
724	0
725	1
726	1
727	0
728	1
729	1
730	0
731	1
732	2
733	0
734	1
735	2
736	0
737	1
738	1
739	0
740	2
741	2
742	2
743	0
744	2
745	1
746	2
747	1
748	0
749	2
750	1
751	0
752	1
753	1
754	0
755	1
756	1
757	2
758	2
759	2
760	0
761	0
762	1
763	1
764	2
765	1
766	2
767	0
768	0
769	0
770	1
771	0
772	0
773	1
774	1
775	1
776	2
777	0
778	0
779	0
780	0
781	1
782	1
783	0
784	1
785	1
786	0
787	0
788	0
789	1
790	1
791	1
792	2
793	0
794	1
795	2
796	1
797	1
798	2
799	0
800	1
801	0
802	1
803	1
804	1
805	1
806	0
807	1
808	2
809	1
810	0
811	2
812	2
813	0
814	1
815	2
816	2
817	2
818	2
819	2
820	2
821	1
822	1
823	1
824	1
825	2
826	1
827	1
828	1
829	0
830	1
831	0
832	0
833	0
834	0
835	1
836	0
837	0
838	0
839	1
840	0
841	0
842	2
843	1
844	0
845	2
846	2
847	0
848	1
849	1
850	0
851	1
852	1
853	1
854	0
855	2
856	2
857	1
858	0
859	2
860	2
861	1
862	2
863	1
864	1
865	0
866	1
867	0
868	0
869	2
870	1
871	0
872	2
873	0
874	1
875	2
876	2
877	2
878	1
879	0
880	1
881	2
882	1
883	0
884	2
885	1
886	2
887	1
888	2
889	2
890	0
891	2
892	2
893	1
894	2
895	1
896	1
897	1
898	1
899	2
900	2
901	2
902	2
903	0
904	0
905	2
906	0
907	0
908	1
909	0
910	2
911	2
912	1
913	0
914	1
915	2
916	0
917	1
918	0
919	1
920	1
921	1
922	2
923	1
924	2
925	2
926	0
927	1
928	1
929	0
930	2
931	0
932	0
933	1
934	1
935	0
936	0
937	1
938	2
939	2
940	1
941	2
942	1
943	0
944	0
945	1
946	1
947	1
948	1
949	1
950	0
951	1
952	1
953	2
954	1
955	2
956	0
957	1
958	2
959	2
960	0
961	0
962	0
963	0
964	2
965	0
966	1
967	1
968	0
969	1
970	2
971	2
972	2
973	2
974	0
975	0
976	0
977	1
978	1
979	2
980	1
981	2
982	1
983	2
984	2
985	1
986	1
987	1
988	0
989	1
990	2
991	2
992	2
993	1
994	0
995	0
996	2
997	2
998	0
999	0
1000	0
1001	0
1002	1
1003	1
1004	0
1005	1
1006	2
1007	0
1008	0
1009	2
1010	2
1011	1
1012	2
1013	0
1014	0
1015	0
1016	0
1017	0
1018	2
1019	1
1020	1
1021	0
1022	0
1023	2
1024	0
1025	1
1026	1
1027	0
1028	1
1029	2
1030	2
1031	0
1032	0
1033	0
1034	0
1035	0
1036	2
1037	1
1038	1
1039	2
1040	0
1041	1
1042	0
1043	0
1044	2
1045	0
1046	2
1047	2
1048	1
1049	1
1050	1
1051	1
1052	2
1053	2
1054	1
1055	1
1056	0
1057	1
1058	2
1059	0
1060	2
1061	1
1062	1
1063	1
1064	2
1065	2
1066	1
1067	0
1068	1
1069	0
1070	0
1071	2
1072	0
1073	0
1074	2
1075	2
1076	1
1077	0
1078	2
1079	1
1080	1
1081	1
1082	2
1083	2
1084	2
1085	2
1086	0
1087	2
1088	2
1089	1
1090	0
1091	2
1092	0
1093	0
1094	0
1095	0
1096	0
1097	0
1098	1
1099	2
1100	1
1101	2
1102	1
1103	2
1104	2
1105	0
1106	1
1107	2
1108	1
1109	2
1110	2
1111	0
1112	2
1113	0
1114	2
1115	2
1116	0
1117	1
1118	0
1119	0
1120	1
1121	1
1122	0
1123	1
1124	1
1125	1
1126	0
1127	0
1128	2
1129	0
1130	0
1131	1
1132	1
1133	2
1134	1
1135	2
1136	1
1137	1
1138	1
1139	1
1140	1
1141	0
1142	1
1143	2
1144	2
1145	1
1146	1
1147	1
1148	1
1149	0
1150	1
1151	1
1152	1
1153	0
1154	0
1155	1
1156	2
1157	1
1158	1
1159	2
1160	2
1161	1
1162	2
1163	1
1164	1
1165	1
1166	2
1167	2
1168	2
1169	0
1170	1
1171	1
1172	1
1173	1
1174	1
1175	1
1176	0
1177	1
1178	0
1179	1
1180	0
1181	0
1182	2
1183	1
1184	2
1185	2
1186	0
1187	1
1188	1
1189	0
1190	1
1191	1
1192	2
1193	2
1194	1
1195	1
1196	0
1197	1
1198	1
1199	0
1200	0
1201	1
1202	0
1203	2
1204	2
1205	1
1206	0
1207	2
1208	1
1209	2
1210	2
1211	2
1212	2
1213	0
1214	1
1215	1
1216	0
1217	1
1218	2
1219	2
1220	1
1221	2
1222	1
1223	0
1224	1
1225	0
1226	2
1227	1
1228	0
1229	0
1230	0
1231	0
1232	2
1233	1
1234	2
1235	0
1236	1
1237	2
1238	1
1239	0
1240	2
1241	1
1242	1
1243	1
1244	0
1245	1
1246	1
1247	1
1248	1
1249	0
1250	0
1251	2
1252	0
1253	2
1254	2
1255	0
1256	1
1257	0
1258	0
1259	1
1260	2
1261	0
1262	2
1263	2
1264	1
1265	2
1266	1
1267	1
1268	2
1269	0
1270	1
1271	2
1272	1
1273	0
1274	2
1275	1
1276	0
1277	2
1278	0
1279	2
1280	2
1281	0
1282	2
1283	1
1284	0
1285	1
1286	1
1287	1
1288	1
1289	2
1290	2
1291	1
1292	1
1293	2
1294	1
1295	2
1296	2
1297	0
1298	1
1299	1
1300	1
1301	2
1302	1
1303	2
1304	2
1305	1
1306	2
1307	0
1308	0
1309	1
1310	2
1311	0
1312	1
1313	0
1314	2
1315	2
1316	2
1317	1
1318	0
1319	1
1320	0
1321	1
1322	1
1323	2
1324	2
1325	0
1326	0
1327	1
1328	1
1329	2
1330	1
1331	1
1332	2
1333	2
1334	2
1335	2
1336	2
1337	1
1338	0
1339	0
1340	2
1341	1
1342	2
1343	2
1344	0
1345	0
1346	2
1347	2
1348	2
1349	0
1350	1
1351	0
1352	2
1353	1
1354	2
1355	0
1356	2
1357	1
1358	0
1359	2
1360	0
1361	2
1362	2
1363	2
1364	0
1365	2
1366	0
1367	2
1368	0
1369	1
1370	2
1371	1
1372	1
1373	0
1374	1
1375	0
1376	1
1377	0
1378	1
1379	0
1380	1
1381	1
1382	2
1383	1
1384	2
1385	0
1386	0
1387	1
1388	2
1389	0
1390	0
1391	2
1392	1
1393	0
1394	1
1395	1
1396	1
1397	2
1398	2
1399	0
1400	1
1401	1
1402	2
1403	1
1404	1
1405	1
1406	0
1407	0
1408	1
1409	0
1410	2
1411	2
1412	1
1413	0
1414	0
1415	0
1416	2
1417	1
1418	2
1419	1
1420	2
1421	0
1422	0
1423	1
1424	1
1425	1
1426	2
1427	0
1428	2
1429	0
1430	0
1431	2
1432	0
1433	2
1434	1
1435	2
1436	0
1437	1
1438	1
1439	1
1440	1
1441	2
1442	2
1443	0
1444	1
1445	1
1446	2
1447	1
1448	2
1449	0
1450	0
1451	1
1452	1
1453	1
1454	0
1455	0
1456	1
1457	0
1458	1
1459	1
1460	0
1461	2
1462	2
1463	1
1464	1
1465	1
1466	2
1467	1
1468	2
1469	0
1470	1
1471	1
1472	1
1473	1
1474	0
1475	1
1476	1
1477	1
1478	0
1479	1
1480	2
1481	2
1482	1
1483	1
1484	1
1485	2
1486	1
1487	0
1488	1
1489	2
1490	0
1491	1
1492	2
1493	1
1494	0
1495	0
1496	0
1497	1
1498	1
1499	0
1500	0
1501	0
1502	1
1503	2
1504	1
1505	0
1506	0
1507	2
1508	2
1509	1
1510	2
1511	1
1512	1
1513	2
1514	2
1515	2
1516	2
1517	1
1518	2
1519	1
1520	2
1521	0
1522	0
1523	2
1524	2
1525	1
1526	2
1527	1
1528	1
1529	0
1530	1
1531	2
1532	1
1533	0
1534	1
1535	0
1536	0
1537	0
1538	0
1539	0
1540	1
1541	2
1542	0
1543	2
1544	2
1545	0
1546	2
1547	1
1548	1
1549	0
1550	0
1551	1
1552	2
1553	0
1554	2
1555	2
1556	2
1557	2
1558	2
1559	2
1560	1
1561	0
1562	1
1563	0
1564	0
1565	1
1566	2
1567	2
1568	2
1569	1
1570	0
1571	0
1572	0
1573	1
1574	1
1575	1
1576	2
1577	2
1578	1
1579	2
1580	1
1581	1
1582	2
1583	2
1584	0
1585	2
1586	0
1587	0
1588	1
1589	0
1590	1
1591	1
1592	1
1593	0
1594	2
1595	0
1596	2
1597	2
1598	1
1599	2
1600	2
1601	2
1602	0
1603	0
1604	2
1605	0
1606	0
1607	1
1608	0
1609	2
1610	2
1611	1
1612	2
1613	1
1614	2
1615	0
1616	0
1617	2
1618	0
1619	0
1620	1
1621	2
1622	0
1623	2
1624	0
1625	1
1626	1
1627	2
1628	2
1629	2
1630	2
1631	1
1632	1
1633	1
1634	2
1635	2
1636	2
1637	0
1638	0
1639	2
1640	1
1641	1
1642	0
1643	2
1644	0
1645	0
1646	0
1647	0
1648	0
1649	0
1650	0
1651	1
1652	1
1653	2
1654	2
1655	2
1656	2
1657	2
1658	0
1659	2
1660	0
1661	1
1662	2
1663	2
1664	1
1665	2
1666	0
1667	1
1668	1
1669	2
1670	1
1671	2
1672	2
1673	2
1674	2
1675	1
1676	2
1677	0
1678	1
1679	2
1680	0
1681	2
1682	1
1683	2
1684	1
1685	2
1686	0
1687	0
1688	1
1689	1
1690	2
1691	2
1692	2
1693	1
1694	2
1695	2
1696	0
1697	1
1698	2
1699	1
1700	1
1701	0
1702	0
1703	1
1704	2
1705	0
1706	1
1707	1
1708	2
1709	0
1710	1
1711	0
1712	1
1713	1
1714	0
1715	1
1716	1
1717	0
1718	2
1719	1
1720	1
1721	0
1722	0
1723	2
1724	0
1725	0
1726	1
1727	0
1728	2
1729	0
1730	0
1731	1
1732	1
1733	2
1734	0
1735	0
1736	1
1737	1
1738	1
1739	0
1740	0
1741	0
1742	1
1743	2
1744	2
1745	1
1746	1
1747	1
1748	0
1749	1
1750	2
1751	2
1752	2
1753	1
1754	0
1755	2
1756	2
1757	0
1758	1
1759	0
1760	2
1761	2
1762	1
1763	1
1764	1
1765	2
1766	0
1767	2
1768	1
1769	0
1770	1
1771	0
1772	2
1773	0
1774	2
1775	1
1776	2
1777	0
1778	2
1779	2
1780	2
1781	2
1782	1
1783	2
1784	2
1785	2
1786	0
1787	2
1788	0
1789	1
1790	1
1791	0
1792	2
1793	1
1794	0
1795	1
1796	2
1797	2
1798	2
1799	1
1800	2
1801	0
1802	1
1803	2
1804	0
1805	0
1806	1
1807	1
1808	1
1809	0
1810	1
1811	1
1812	0
1813	0
1814	2
1815	1
1816	1
1817	1
1818	2
1819	2
1820	2
1821	0
1822	0
1823	2
1824	2
1825	0
1826	1
1827	2
1828	1
1829	2
1830	0
1831	0
1832	1
1833	2
1834	0
1835	1
1836	2
1837	2
1838	1
1839	1
1840	0
1841	2
1842	2
1843	0
1844	1
1845	0
1846	2
1847	0
1848	1
1849	1
1850	0
1851	0
1852	0
1853	1
1854	1
1855	2
1856	2
1857	1
1858	0
1859	1
1860	1
1861	1
1862	1
1863	1
1864	2
1865	1
1866	2
1867	1
1868	2
1869	2
1870	2
1871	1
1872	0
1873	2
1874	1
1875	0
1876	0
1877	0
1878	0
1879	0
1880	1
1881	0
1882	1
1883	0
1884	0
1885	1
1886	0
1887	1
1888	0
1889	0
1890	2
1891	0
1892	0
1893	2
1894	0
1895	1
1896	2
1897	1
1898	2
1899	2
1900	0
1901	2
1902	2
1903	1
1904	2
1905	0
1906	0
1907	1
1908	1
1909	1
1910	0
1911	2
1912	0
1913	1
1914	1
1915	0
1916	2
1917	0
1918	2
1919	2
1920	0
1921	1
1922	2
1923	2
1924	1
1925	0
1926	1
1927	1
1928	1
1929	0
1930	0
1931	0
1932	2
1933	2
1934	0
1935	2
1936	1
1937	2
1938	1
1939	2
1940	0
1941	1
1942	1
1943	0
1944	2
1945	1
1946	2
1947	1
1948	1
1949	2
1950	1
1951	1
1952	2
1953	0
1954	0
1955	2
1956	1
1957	2
1958	1
1959	0
1960	2
1961	0
1962	1
1963	2
1964	1
1965	1
1966	0
1967	2
1968	1
1969	0
1970	2
1971	2
1972	1
1973	1
1974	2
1975	2
1976	1
1977	2
1978	1
1979	0
1980	1
1981	2
1982	2
1983	1
1984	0
1985	2
1986	1
1987	1
1988	2
1989	0
1990	2
1991	0
1992	0
1993	0
1994	2
1995	1
1996	2
1997	2
1998	1
1999	1
2000	0
2001	2
2002	0
2003	2
2004	2
2005	1
2006	2
2007	1
2008	0
2009	1
2010	2
2011	1
2012	0
2013	1
2014	1
2015	2
2016	2
2017	0
2018	0
2019	2
2020	0
2021	0
2022	0
2023	2
2024	1
2025	2
2026	2
2027	0
2028	1
2029	0
2030	1
2031	1
2032	1
2033	1
2034	1
2035	2
2036	2
2037	1
2038	1
2039	0
2040	1
2041	0
2042	0
2043	1
2044	1
2045	0
2046	2
2047	1
2048	2
2049	0
2050	0
2051	0
2052	1
2053	1
2054	2
2055	0
2056	1
2057	1
2058	0
2059	2
2060	1
2061	0
2062	0
2063	1
2064	2
2065	0
2066	1
2067	1
2068	2
2069	2
2070	1
2071	0
2072	1
2073	1
2074	1
2075	2
2076	1
2077	1
2078	1
2079	1
2080	2
2081	1
2082	0
2083	1
2084	2
2085	2
2086	0
2087	0
2088	0
2089	2
2090	0
2091	1
2092	0
2093	1
2094	1
2095	0
2096	2
2097	1
2098	2
2099	2
2100	0
2101	1
2102	2
2103	1
2104	2
2105	2
2106	0
2107	1
2108	0
2109	0
2110	1
2111	1
2112	0
2113	1
2114	2
2115	2
2116	2
2117	0
2118	0
2119	0
2120	1
2121	2
2122	0
2123	1
2124	0
2125	1
2126	0
2127	2
2128	2
2129	1
2130	2
2131	1
2132	1
2133	2
2134	0
2135	2
2136	1
2137	0
2138	0
2139	0
2140	1
2141	0
2142	1
2143	0
2144	1
2145	2
2146	2
2147	2
2148	2
2149	0
2150	2
2151	2
2152	1
2153	0
2154	2
2155	1
2156	2
2157	0
2158	0
2159	1
2160	0
2161	0
2162	2
2163	2
2164	2
2165	0
2166	2
2167	2
2168	1
2169	2
2170	2
2171	0
2172	0
2173	1
2174	1
2175	2
2176	1
2177	0
2178	2
2179	1
2180	0
2181	0
2182	0
2183	0
2184	0
2185	1
2186	1
2187	2
2188	1
2189	1
2190	1
2191	0
2192	0
2193	2
2194	1
2195	1
2196	1
2197	0
2198	0
2199	2
2200	1
2201	1
2202	0
2203	2
2204	2
2205	0
2206	0
2207	1
2208	1
2209	1
2210	2
2211	2
2212	0
2213	0
2214	1
2215	2
2216	1
2217	0
2218	1
2219	0
2220	2
2221	1
2222	0
2223	0
2224	1
2225	0
2226	0
2227	2
2228	0
2229	0
2230	0
2231	0
2232	0
2233	2
2234	0
2235	1
2236	0
2237	2
2238	0
2239	2
2240	0
2241	1
2242	1
2243	0
2244	0
2245	0
2246	2
2247	2
2248	2
2249	1
2250	2
2251	0
2252	0
2253	0
2254	1
2255	1
2256	2
2257	0
2258	2
2259	1
2260	2
2261	0
2262	0
2263	0
2264	1
2265	0
2266	2
2267	0
2268	1
2269	2
2270	1
2271	2
2272	1
2273	0
2274	1
2275	1
2276	0
2277	1
2278	1
2279	1
2280	2
2281	0
2282	0
2283	2
2284	1
2285	0
2286	1
2287	0
2288	2
2289	2
2290	1
2291	2
2292	0
2293	2
2294	2
2295	1
2296	0
2297	0
2298	1
2299	0
2300	1
2301	2
2302	2
2303	0
2304	2
2305	1
2306	2
2307	0
2308	1
2309	0
2310	0
2311	2
2312	2
2313	2
2314	1
2315	0
2316	1
2317	2
2318	2
2319	0
2320	0
2321	0
2322	2
2323	0
2324	0
2325	1
2326	2
2327	1
2328	2
2329	1
2330	1
2331	1
2332	0
2333	1
2334	0
2335	0
2336	2
2337	2
2338	0
2339	0
2340	2
2341	1
2342	2
2343	2
2344	2
2345	0
2346	1
2347	0
2348	2
2349	0
2350	0
2351	2
2352	0
2353	1
2354	0
2355	1
2356	1
2357	2
2358	0
2359	1
2360	1
2361	2
2362	0
2363	2
2364	0
2365	1
2366	2
2367	1
2368	1
2369	0
2370	0
2371	1
2372	0
2373	1
2374	1
2375	2
2376	0
2377	1
2378	0
2379	2
2380	0
2381	0
2382	2
2383	1
2384	2
2385	1
2386	2
2387	0
2388	0
2389	2
2390	0
2391	1
2392	2
2393	0
2394	1
2395	1
2396	1
2397	1
2398	0
2399	0
2400	1
2401	1
2402	0
2403	2
2404	0
2405	2
2406	2
2407	2
2408	0
2409	1
2410	0
2411	2
2412	0
2413	0
2414	0
2415	2
2416	0
2417	1
2418	0
2419	1
2420	0
2421	0
2422	2
2423	2
2424	1
2425	0
2426	0
2427	1
2428	1
2429	2
2430	0
2431	1
2432	0
2433	0
2434	1
2435	0
2436	1
2437	2
2438	1
2439	2
2440	1
2441	2
2442	1
2443	1
2444	1
2445	1
2446	2
2447	2
2448	0
2449	0
2450	0
2451	1
2452	2
2453	0
2454	1
2455	1
2456	1
2457	1
2458	0
2459	1
2460	0
2461	2
2462	1
2463	1
2464	0
2465	1
2466	1
2467	2
2468	2
2469	2
2470	0
2471	0
2472	0
2473	2
2474	0
2475	2
2476	0
2477	0
2478	2
2479	1
2480	2
2481	1
2482	2
2483	2
2484	1
2485	2
2486	2
2487	2
2488	1
2489	0
2490	2
2491	2
2492	1
2493	0
2494	1
2495	1
2496	1
2497	2
2498	2
2499	0
2500	0
2501	2
2502	0
2503	0
2504	1
2505	1
2506	0
2507	2
2508	0
2509	0
2510	1
2511	0
2512	2
2513	0
2514	2
2515	2
2516	2
2517	1
2518	0
2519	1
2520	2
2521	2
2522	0
2523	2
2524	1
2525	2
2526	0
2527	1
2528	1
2529	1
2530	2
2531	2
2532	0
2533	1
2534	0
2535	2
2536	0
2537	2
2538	0
2539	2
2540	0
2541	1
2542	0
2543	1
2544	2
2545	2
2546	0
2547	2
2548	1
2549	1
2550	2
2551	0
2552	2
2553	2
2554	1
2555	2
2556	2
2557	0
2558	1
2559	2
2560	1
2561	0
2562	2
2563	0
2564	0
2565	0
2566	2
2567	2
2568	2
2569	0
2570	0
2571	2
2572	1
2573	0
2574	0
2575	1
2576	2
2577	1
2578	2
2579	0
2580	1
2581	2
2582	2
2583	0
2584	2
2585	2
2586	0
2587	1
2588	0
2589	0
2590	2
2591	2
2592	0
2593	1
2594	0
2595	2
2596	2
2597	2
2598	1
2599	2
2600	2
2601	1
2602	2
2603	2
2604	1
2605	0
2606	1
2607	0
2608	2
2609	0
2610	2
2611	1
2612	2
2613	0
2614	1
2615	1
2616	2
2617	1
2618	1
2619	1
2620	0
2621	2
2622	0
2623	2
2624	1
2625	0
2626	2
2627	2
2628	1
2629	0
2630	2
2631	1
2632	1
2633	0
2634	1
2635	0
2636	2
2637	0
2638	1
2639	2
2640	2
2641	2
2642	1
2643	2
2644	0
2645	2
2646	2
2647	0
2648	2
2649	0
2650	1
2651	1
2652	1
2653	1
2654	2
2655	0
2656	2
2657	0
2658	1
2659	0
2660	2
2661	0
2662	0
2663	0
2664	0
2665	2
2666	1
2667	1
2668	0
2669	0
2670	1
2671	0
2672	0
2673	1
2674	1
2675	1
2676	1
2677	1
2678	1
2679	2
2680	2
2681	1
2682	2
2683	2
2684	2
2685	1
2686	0
2687	0
2688	1
2689	0
2690	0
2691	1
2692	1
2693	1
2694	1
2695	1
2696	0
2697	2
2698	0
2699	0
2700	1
2701	0
2702	1
2703	2
2704	1
2705	0
2706	1
2707	1
2708	2
2709	0
2710	1
2711	2
2712	2
2713	0
2714	2
2715	1
2716	2
2717	2
2718	1
2719	1
2720	2
2721	2
2722	1
2723	2
2724	2
2725	0
2726	2
2727	0
2728	2
2729	1
2730	0
2731	0
2732	1
2733	0
2734	0
2735	1
2736	2
2737	2
2738	0
2739	0
2740	2
2741	0
2742	0
2743	0
2744	1
2745	0
2746	1
2747	1
2748	2
2749	1
2750	2
2751	1
2752	2
2753	1
2754	0
2755	2
2756	1
2757	1
2758	2
2759	2
2760	2
2761	1
2762	1
2763	1
2764	1
2765	0
2766	1
2767	1
2768	0
2769	0
2770	0
2771	0
2772	0
2773	0
2774	2
2775	2
2776	2
2777	1
2778	1
2779	0
2780	0
2781	2
2782	2
2783	2
2784	1
2785	0
2786	1
2787	1
2788	1
2789	2
2790	0
2791	0
2792	1
2793	2
2794	0
2795	1
2796	1
2797	2
2798	2
2799	1
2800	0
2801	1
2802	0
2803	1
2804	1
2805	2
2806	2
2807	2
2808	2
2809	2
2810	0
2811	2
2812	1
2813	0
2814	1
2815	0
2816	1
2817	2
2818	2
2819	0
2820	0
2821	0
2822	2
2823	1
2824	0
2825	1
2826	0
2827	2
2828	0
2829	2
2830	2
2831	0
2832	0
2833	2
2834	2
2835	1
2836	0
2837	2
2838	2
2839	0
2840	0
2841	1
2842	0
2843	0
2844	1
2845	1
2846	1
2847	2
2848	0
2849	2
2850	2
2851	2
2852	0
2853	0
2854	1
2855	0
2856	0
2857	0
2858	2
2859	2
2860	2
2861	2
2862	2
2863	0
2864	0
2865	0
2866	1
2867	0
2868	2
2869	1
2870	2
2871	0
2872	1
2873	0
2874	2
2875	0
2876	2
2877	0
2878	2
2879	1
2880	2
2881	2
2882	1
2883	2
2884	2
2885	2
2886	1
2887	2
2888	1
2889	1
2890	0
2891	0
2892	0
2893	1
2894	2
2895	2
2896	2
2897	1
2898	0
2899	1
2900	1
2901	1
2902	2
2903	2
2904	1
2905	1
2906	1
2907	2
2908	0
2909	1
2910	1
2911	0
2912	1
2913	0
2914	2
2915	2
2916	2
2917	0
2918	0
2919	0
2920	2
2921	0
2922	2
2923	0
2924	1
2925	0
2926	1
2927	1
2928	2
2929	1
2930	1
2931	0
2932	1
2933	0
2934	2
2935	0
2936	0
2937	0
2938	1
2939	0
2940	0
2941	1
2942	2
2943	1
2944	2
2945	2
2946	1
2947	1
2948	2
2949	0
2950	2
2951	1
2952	1
2953	0
2954	0
2955	0
2956	2
2957	1
2958	2
2959	0
2960	1
2961	2
2962	1
2963	1
2964	2
2965	0
2966	2
2967	2
2968	2
2969	2
2970	1
2971	1
2972	1
2973	0
2974	0
2975	1
2976	2
2977	2
2978	1
2979	2
2980	1
2981	1
2982	0
2983	2
2984	2
2985	1
2986	1
2987	0
2988	2
2989	0
2990	2
2991	1
2992	0
2993	1
2994	2
2995	0
2996	2
2997	2
2998	0
2999	2
3000	0
3001	1
3002	2
3003	2
3004	2
3005	1
3006	0
3007	0
3008	1
3009	1
3010	0
3011	0
3012	1
3013	0
3014	0
3015	2
3016	2
3017	0
3018	1
3019	0
3020	1
3021	1
3022	1
3023	1
3024	1
3025	0
3026	0
3027	0
3028	2
3029	2
3030	1
3031	2
3032	1
3033	0
3034	0
3035	0
3036	0
3037	2
3038	1
3039	2
3040	0
3041	2
3042	1
3043	1
3044	0
3045	2
3046	0
3047	2
3048	0
3049	1
3050	0
3051	1
3052	2
3053	1
3054	2
3055	0
3056	1
3057	2
3058	0
3059	2
3060	2
3061	1
3062	1
3063	2
3064	2
3065	2
3066	0
3067	2
3068	1
3069	1
3070	2
3071	0
3072	2
3073	2
3074	0
3075	1
3076	0
3077	2
3078	1
3079	1
3080	2
3081	0
3082	2
3083	1
3084	2
3085	2
3086	1
3087	1
3088	1
3089	2
3090	2
3091	1
3092	0
3093	0
3094	2
3095	1
3096	1
3097	1
3098	2
3099	1
3100	0
3101	1
3102	2
3103	1
3104	0
3105	1
3106	0
3107	1
3108	1
3109	1
3110	1
3111	0
3112	1
3113	2
3114	0
3115	1
3116	0
3117	0
3118	1
3119	0
3120	1
3121	0
3122	2
3123	1
3124	2
3125	1
3126	2
3127	0
3128	1
3129	0
3130	1
3131	2
3132	1
3133	1
3134	0
3135	0
3136	0
3137	0
3138	0
3139	0
3140	2
3141	2
3142	2
3143	0
3144	1
3145	0
3146	1
3147	2
3148	0
3149	0
3150	0
3151	0
3152	0
3153	1
3154	0
3155	1
3156	2
3157	2
3158	1
3159	0
3160	1
3161	2
3162	0
3163	0
3164	1
3165	0
3166	1
3167	0
3168	1
3169	0
3170	2
3171	2
3172	0
3173	1
3174	2
3175	0
3176	0
3177	2
3178	0
3179	2
3180	0
3181	1
3182	1
3183	1
3184	2
3185	2
3186	2
3187	1
3188	2
3189	0
3190	2
3191	2
3192	2
3193	0
3194	0
3195	0
3196	0
3197	0
3198	2
3199	1
3200	2
3201	1
3202	1
3203	2
3204	2
3205	2
3206	1
3207	1
3208	1
3209	0
3210	0
3211	0
3212	0
3213	2
3214	0
3215	2
3216	2
3217	2
3218	1
3219	2
3220	2
3221	2
3222	0
3223	1
3224	1
3225	1
3226	0
3227	1
3228	2
3229	2
3230	2
3231	0
3232	0
3233	0
3234	0
3235	2
3236	0
3237	1
3238	2
3239	0
3240	0
3241	0
3242	0
3243	2
3244	0
3245	0
3246	1
3247	1
3248	1
3249	2
3250	1
3251	2
3252	2
3253	1
3254	1
3255	0
3256	1
3257	1
3258	1
3259	1
3260	0
3261	2
3262	1
3263	1
3264	1
3265	2
3266	1
3267	0
3268	2
3269	0
3270	0
3271	0
3272	0
3273	0
3274	1
3275	2
3276	1
3277	2
3278	0
3279	1
3280	0
3281	2
3282	2
3283	1
3284	1
3285	2
3286	0
3287	0
3288	0
3289	2
3290	0
3291	0
3292	0
3293	0
3294	2
3295	0
3296	1
3297	2
3298	2
3299	2
3300	1
3301	0
3302	1
3303	2
3304	0
3305	1
3306	0
3307	0
3308	1
3309	0
3310	2
3311	2
3312	1
3313	0
3314	1
3315	0
3316	0
3317	2
3318	0
3319	0
3320	0
3321	0
3322	2
3323	0
3324	2
3325	2
3326	1
3327	1
3328	0
3329	1
3330	1
3331	2
3332	0
3333	1
3334	2
3335	0
3336	2
3337	2
3338	1
3339	2
3340	0
3341	2
3342	0
3343	2
3344	2
3345	1
3346	2
3347	2
3348	1
3349	0
3350	1
3351	2
3352	1
3353	0
3354	0
3355	0
3356	2
3357	0
3358	1
3359	2
3360	1
3361	1
3362	2
3363	0
3364	1
3365	0
3366	1
3367	1
3368	0
3369	1
3370	2
3371	1
3372	2
3373	1
3374	1
3375	2
3376	2
3377	0
3378	1
3379	2
3380	2
3381	0
3382	1
3383	2
3384	2
3385	0
3386	1
3387	0
3388	2
3389	2
3390	0
3391	1
3392	1
3393	1
3394	2
3395	2
3396	1
3397	1
3398	0
3399	2
3400	0
3401	0
3402	0
3403	0
3404	0
3405	1
3406	1
3407	1
3408	2
3409	2
3410	2
3411	2
3412	0
3413	2
3414	2
3415	0
3416	0
3417	2
3418	2
3419	1
3420	0
3421	1
3422	0
3423	0
3424	0
3425	0
3426	0
3427	0
3428	2
3429	2
3430	1
3431	0
3432	0
3433	0
3434	0
3435	0
3436	2
3437	1
3438	2
3439	0
3440	1
3441	2
3442	1
3443	1
3444	1
3445	0
3446	2
3447	2
3448	2
3449	2
3450	1
3451	1
3452	0
3453	1
3454	1
3455	1
3456	2
3457	2
3458	2
3459	1
3460	0
3461	1
3462	1
3463	0
3464	0
3465	2
3466	1
3467	0
3468	0
3469	1
3470	0
3471	1
3472	2
3473	0
3474	1
3475	2
3476	1
3477	0
3478	2
3479	0
3480	1
3481	0
3482	0
3483	1
3484	2
3485	2
3486	0
3487	1
3488	1
3489	0
3490	0
3491	2
3492	1
3493	2
3494	1
3495	1
3496	0
3497	0
3498	1
3499	0
3500	1
3501	0
3502	1
3503	2
3504	1
3505	2
3506	1
3507	2
3508	1
3509	1
3510	0
3511	1
3512	0
3513	2
3514	0
3515	2
3516	0
3517	1
3518	1
3519	2
3520	1
3521	2
3522	0
3523	0
3524	0
3525	2
3526	0
3527	2
3528	1
3529	2
3530	2
3531	0
3532	1
3533	2
3534	0
3535	0
3536	0
3537	2
3538	0
3539	0
3540	0
3541	1
3542	2
3543	1
3544	1
3545	0
3546	0
3547	1
3548	1
3549	0
3550	0
3551	1
3552	1
3553	0
3554	2
3555	0
3556	2
3557	2
3558	1
3559	0
3560	0
3561	1
3562	0
3563	1
3564	1
3565	1
3566	2
3567	0
3568	0
3569	0
3570	1
3571	1
3572	1
3573	0
3574	2
3575	0
3576	2
3577	2
3578	0
3579	1
3580	0
3581	1
3582	0
3583	2
3584	0
3585	2
3586	1
3587	2
3588	0
3589	0
3590	0
3591	0
3592	1
3593	2
3594	2
3595	1
3596	1
3597	2
3598	0
3599	2
3600	2
3601	1
3602	2
3603	1
3604	1
3605	0
3606	0
3607	0
3608	2
3609	1
3610	0
3611	1
3612	1
3613	1
3614	0
3615	2
3616	0
3617	1
3618	1
3619	0
3620	2
3621	1
3622	2
3623	0
3624	2
3625	2
3626	2
3627	1
3628	2
3629	2
3630	0
3631	0
3632	2
3633	0
3634	2
3635	0
3636	1
3637	0
3638	1
3639	1
3640	2
3641	2
3642	2
3643	0
3644	1
3645	2
3646	1
3647	0
3648	2
3649	1
3650	2
3651	1
3652	2
3653	1
3654	2
3655	2
3656	1
3657	2
3658	2
3659	2
3660	0
3661	1
3662	2
3663	2
3664	1
3665	1
3666	0
3667	1
3668	2
3669	0
3670	0
3671	2
3672	2
3673	0
3674	0
3675	0
3676	0
3677	0
3678	0
3679	2
3680	1
3681	2
3682	2
3683	1
3684	0
3685	1
3686	0
3687	1
3688	2
3689	1
3690	0
3691	0
3692	0
3693	2
3694	0
3695	2
3696	2
3697	0
3698	2
3699	2
3700	0
3701	1
3702	0
3703	1
3704	0
3705	2
3706	1
3707	1
3708	2
3709	1
3710	2
3711	2
3712	1
3713	1
3714	1
3715	2
3716	1
3717	2
3718	2
3719	1
3720	0
3721	2
3722	1
3723	0
3724	2
3725	2
3726	0
3727	0
3728	0
3729	1
3730	1
3731	0
3732	2
3733	2
3734	1
3735	0
3736	2
3737	0
3738	1
3739	1
3740	0
3741	2
3742	0
3743	2
3744	0
3745	2
3746	2
3747	0
3748	2
3749	2
3750	1
3751	0
3752	1
3753	1
3754	0
3755	2
3756	1
3757	1
3758	2
3759	2
3760	0
3761	2
3762	0
3763	1
3764	0
3765	0
3766	2
3767	1
3768	0
3769	2
3770	2
3771	2
3772	0
3773	0
3774	0
3775	0
3776	1
3777	0
3778	0
3779	2
3780	0
3781	1
3782	0
3783	0
3784	0
3785	2
3786	2
3787	2
3788	0
3789	1
3790	2
3791	1
3792	2
3793	0
3794	1
3795	2
3796	2
3797	1
3798	0
3799	2
3800	0
3801	1
3802	2
3803	0
3804	1
3805	2
3806	2
3807	2
3808	0
3809	0
3810	0
3811	1
3812	2
3813	1
3814	2
3815	1
3816	0
3817	0
3818	0
3819	0
3820	0
3821	1
3822	2
3823	1
3824	1
3825	0
3826	0
3827	2
3828	1
3829	0
3830	2
3831	2
3832	1
3833	0
3834	2
3835	2
3836	2
3837	0
3838	0
3839	1
3840	0
3841	0
3842	2
3843	1
3844	1
3845	1
3846	0
3847	0
3848	1
3849	1
3850	0
3851	1
3852	2
3853	0
3854	2
3855	1
3856	1
3857	1
3858	0
3859	2
3860	2
3861	2
3862	2
3863	2
3864	1
3865	2
3866	2
3867	0
3868	1
3869	0
3870	2
3871	1
3872	0
3873	1
3874	0
3875	1
3876	2
3877	1
3878	0
3879	0
3880	2
3881	1
3882	2
3883	1
3884	1
3885	1
3886	0
3887	2
3888	2
3889	0
3890	0
3891	0
3892	1
3893	0
3894	2
3895	2
3896	1
3897	2
3898	1
3899	0
3900	0
3901	2
3902	1
3903	1
3904	2
3905	1
3906	0
3907	0
3908	1
3909	2
3910	2
3911	1
3912	1
3913	1
3914	0
3915	0
3916	2
3917	0
3918	2
3919	1
3920	0
3921	2
3922	0
3923	0
3924	1
3925	0
3926	1
3927	2
3928	0
3929	1
3930	1
3931	0
3932	0
3933	2
3934	1
3935	2
3936	0
3937	2
3938	2
3939	2
3940	1
3941	0
3942	1
3943	2
3944	2
3945	0
3946	0
3947	1
3948	2
3949	1
3950	0
3951	2
3952	2
3953	2
3954	1
3955	1
3956	1
3957	0
3958	1
3959	1
3960	2
3961	2
3962	1
3963	1
3964	2
3965	2
3966	0
3967	0
3968	1
3969	2
3970	1
3971	2
3972	1
3973	2
3974	2
3975	1
3976	0
3977	2
3978	1
3979	2
3980	0
3981	2
3982	1
3983	1
3984	1
3985	0
3986	2
3987	0
3988	2
3989	0
3990	0
3991	0
3992	2
3993	0
3994	2
3995	2
3996	2
3997	2
3998	0
3999	1
4000	0
4001	2
4002	0
4003	2
4004	0
4005	1
4006	0
4007	1
4008	0
4009	1
4010	0
4011	1
4012	1
4013	0
4014	1
4015	1
4016	2
4017	0
4018	0
4019	0
4020	0
4021	1
4022	1
4023	1
4024	0
4025	0
4026	0
4027	1
4028	2
4029	2
4030	1
4031	2
4032	2
4033	1
4034	0
4035	2
4036	0
4037	1
4038	1
4039	0
4040	1
4041	0
4042	1
4043	0
4044	0
4045	2
4046	1
4047	1
4048	1
4049	2
4050	1
4051	0
4052	2
4053	1
4054	0
4055	0
4056	2
4057	0
4058	2
4059	1
4060	2
4061	0
4062	2
4063	2
4064	0
4065	0
4066	0
4067	0
4068	1
4069	2
4070	0
4071	0
4072	1
4073	0
4074	2
4075	2
4076	0
4077	0
4078	0
4079	1
4080	0
4081	1
4082	1
4083	2
4084	2
4085	2
4086	0
4087	1
4088	0
4089	1
4090	2
4091	0
4092	2
4093	1
4094	0
4095	0
4096	0
4097	1
4098	1
4099	2
4100	1
4101	1
4102	1
4103	1
4104	0
4105	0
4106	1
4107	0
4108	1
4109	0
4110	0
4111	1
4112	1
4113	0
4114	1
4115	1
4116	0
4117	1
4118	0
4119	2
4120	1
4121	1
4122	1
4123	0
4124	0
4125	0
4126	1
4127	2
4128	0
4129	1
4130	0
4131	2
4132	2
4133	1
4134	2
4135	2
4136	0
4137	1
4138	0
4139	2
4140	0
4141	2
4142	1
4143	0
4144	2
4145	1
4146	0
4147	1
4148	2
4149	0
4150	0
4151	0
4152	0
4153	1
4154	1
4155	1
4156	0
4157	1
4158	0
4159	0
4160	2
4161	0
4162	0
4163	0
4164	0
4165	0
4166	1
4167	1
4168	0
4169	1
4170	2
4171	0
4172	2
4173	0
4174	2
4175	0
4176	0
4177	1
4178	2
4179	1
4180	1
4181	2
4182	0
4183	1
4184	2
4185	1
4186	1
4187	1
4188	2
4189	0
4190	0
4191	0
4192	2
4193	0
4194	0
4195	2
4196	2
4197	0
4198	2
4199	0
4200	2
4201	1
4202	1
4203	2
4204	1
4205	0
4206	0
4207	1
4208	2
4209	0
4210	1
4211	1
4212	0
4213	1
4214	0
4215	2
4216	2
4217	1
4218	0
4219	1
4220	2
4221	1
4222	0
4223	0
4224	2
4225	2
4226	1
4227	1
4228	2
4229	2
4230	1
4231	1
4232	2
4233	2
4234	0
4235	1
4236	0
4237	0
4238	0
4239	2
4240	2
4241	2
4242	1
4243	2
4244	2
4245	2
4246	1
4247	1
4248	1
4249	0
4250	2
4251	2
4252	2
4253	2
4254	1
4255	0
4256	1
4257	2
4258	2
4259	1
4260	2
4261	0
4262	0
4263	1
4264	2
4265	0
4266	0
4267	0
4268	1
4269	2
4270	2
4271	2
4272	1
4273	0
4274	2
4275	1
4276	0
4277	1
4278	2
4279	2
4280	0
4281	1
4282	2
4283	0
4284	0
4285	2
4286	2
4287	2
4288	2
4289	0
4290	1
4291	0
4292	0
4293	1
4294	0
4295	2
4296	1
4297	1
4298	1
4299	0
4300	2
4301	2
4302	0
4303	0
4304	2
4305	0
4306	0
4307	1
4308	0
4309	1
4310	1
4311	0
4312	2
4313	1
4314	2
4315	1
4316	0
4317	2
4318	0
4319	1
4320	1
4321	2
4322	1
4323	0
4324	1
4325	1
4326	1
4327	2
4328	0
4329	2
4330	0
4331	1
4332	0
4333	0
4334	1
4335	0
4336	0
4337	1
4338	1
4339	2
4340	2
4341	0
4342	0
4343	2
4344	1
4345	2
4346	1
4347	1
4348	2
4349	1
4350	0
4351	0
4352	1
4353	1
4354	1
4355	1
4356	1
4357	1
4358	2
4359	1
4360	2
4361	0
4362	0
4363	2
4364	2
4365	1
4366	0
4367	0
4368	2
4369	0
4370	2
4371	2
4372	2
4373	1
4374	0
4375	2
4376	1
4377	1
4378	0
4379	2
4380	0
4381	2
4382	0
4383	0
4384	2
4385	2
4386	2
4387	1
4388	2
4389	2
4390	0
4391	1
4392	1
4393	2
4394	0
4395	0
4396	2
4397	0
4398	2
4399	2
4400	1
4401	2
4402	1
4403	1
4404	2
4405	2
4406	0
4407	2
4408	0
4409	0
4410	1
4411	1
4412	1
4413	1
4414	1
4415	2
4416	0
4417	0
4418	2
4419	1
4420	2
4421	1
4422	2
4423	1
4424	1
4425	1
4426	2
4427	0
4428	1
4429	1
4430	0
4431	1
4432	1
4433	1
4434	2
4435	0
4436	0
4437	0
4438	1
4439	2
4440	0
4441	2
4442	0
4443	1
4444	2
4445	0
4446	0
4447	2
4448	2
4449	1
4450	2
4451	1
4452	0
4453	2
4454	1
4455	1
4456	0
4457	0
4458	1
4459	1
4460	2
4461	2
4462	2
4463	1
4464	1
4465	1
4466	0
4467	1
4468	1
4469	1
4470	0
4471	0
4472	1
4473	0
4474	2
4475	2
4476	1
4477	2
4478	2
4479	0
4480	2
4481	0
4482	2
4483	1
4484	0
4485	2
4486	2
4487	0
4488	2
4489	2
4490	2
4491	1
4492	2
4493	1
4494	0
4495	0
4496	1
4497	0
4498	0
4499	2
4500	1
4501	2
4502	0
4503	2
4504	2
4505	1
4506	2
4507	2
4508	2
4509	0
4510	0
4511	0
4512	2
4513	0
4514	0
4515	1
4516	1
4517	2
4518	0
4519	0
4520	0
4521	1
4522	0
4523	1
4524	1
4525	2
4526	2
4527	1
4528	0
4529	0
4530	2
4531	2
4532	1
4533	1
4534	1
4535	0
4536	0
4537	2
4538	2
4539	0
4540	1
4541	1
4542	0
4543	1
4544	1
4545	0
4546	1
4547	2
4548	0
4549	2
4550	2
4551	0
4552	2
4553	2
4554	2
4555	1
4556	2
4557	0
4558	2
4559	2
4560	1
4561	2
4562	0
4563	0
4564	2
4565	1
4566	1
4567	0
4568	0
4569	0
4570	1
4571	0
4572	1
4573	1
4574	0
4575	1
4576	0
4577	2
4578	0
4579	0
4580	0
4581	0
4582	1
4583	0
4584	2
4585	1
4586	1
4587	1
4588	1
4589	0
4590	1
4591	1
4592	1
4593	2
4594	1
4595	1
4596	2
4597	2
4598	1
4599	2
4600	2
4601	1
4602	2
4603	2
4604	1
4605	0
4606	2
4607	0
4608	2
4609	2
4610	2
4611	0
4612	2
4613	0
4614	1
4615	2
4616	2
4617	1
4618	2
4619	0
4620	1
4621	1
4622	2
4623	0
4624	1
4625	0
4626	1
4627	1
4628	1
4629	1
4630	2
4631	0
4632	1
4633	2
4634	2
4635	2
4636	1
4637	2
4638	0
4639	1
4640	1
4641	1
4642	2
4643	2
4644	1
4645	1
4646	0
4647	0
4648	1
4649	1
4650	1
4651	0
4652	1
4653	1
4654	0
4655	1
4656	0
4657	2
4658	1
4659	0
4660	2
4661	1
4662	0
4663	0
4664	2
4665	1
4666	2
4667	1
4668	1
4669	2
4670	1
4671	1
4672	2
4673	0
4674	0
4675	1
4676	0
4677	1
4678	0
4679	0
4680	1
4681	1
4682	1
4683	2
4684	2
4685	0
4686	1
4687	1
4688	0
4689	0
4690	1
4691	1
4692	1
4693	0
4694	0
4695	0
4696	1
4697	2
4698	1
4699	0
4700	2
4701	0
4702	1
4703	0
4704	2
4705	1
4706	1
4707	2
4708	2
4709	2
4710	1
4711	1
4712	1
4713	0
4714	1
4715	1
4716	2
4717	1
4718	0
4719	0
4720	0
4721	1
4722	2
4723	1
4724	1
4725	0
4726	1
4727	1
4728	2
4729	0
4730	0
4731	1
4732	1
4733	1
4734	1
4735	1
4736	1
4737	2
4738	2
4739	2
4740	0
4741	1
4742	1
4743	0
4744	1
4745	1
4746	0
4747	1
4748	2
4749	1
4750	2
4751	0
4752	2
4753	2
4754	1
4755	2
4756	2
4757	0
4758	2
4759	1
4760	2
4761	2
4762	2
4763	2
4764	1
4765	1
4766	2
4767	2
4768	1
4769	1
4770	0
4771	2
4772	1
4773	1
4774	0
4775	0
4776	2
4777	0
4778	1
4779	2
4780	0
4781	1
4782	1
4783	1
4784	1
4785	1
4786	1
4787	0
4788	0
4789	2
4790	0
4791	1
4792	1
4793	0
4794	0
4795	2
4796	1
4797	2
4798	2
4799	2
4800	0
4801	2
4802	0
4803	1
4804	0
4805	1
4806	1
4807	2
4808	1
4809	2
4810	1
4811	0
4812	0
4813	1
4814	0
4815	1
4816	0
4817	2
4818	1
4819	0
4820	1
4821	0
4822	2
4823	0
4824	1
4825	0
4826	2
4827	0
4828	0
4829	0
4830	1
4831	0
4832	2
4833	0
4834	0
4835	2
4836	0
4837	0
4838	1
4839	2
4840	1
4841	2
4842	1
4843	1
4844	2
4845	1
4846	0
4847	0
4848	2
4849	0
4850	0
4851	2
4852	0
4853	1
4854	0
4855	2
4856	2
4857	1
4858	0
4859	1
4860	2
4861	2
4862	2
4863	0
4864	1
4865	1
4866	2
4867	2
4868	1
4869	0
4870	1
4871	0
4872	0
4873	0
4874	1
4875	1
4876	2
4877	2
4878	0
4879	0
4880	2
4881	2
4882	2
4883	2
4884	2
4885	1
4886	1
4887	0
4888	1
4889	2
4890	1
4891	0
4892	0
4893	1
4894	0
4895	0
4896	2
4897	1
4898	0
4899	1
4900	1
4901	1
4902	0
4903	1
4904	2
4905	2
4906	0
4907	2
4908	0
4909	2
4910	0
4911	1
4912	2
4913	1
4914	1
4915	2
4916	1
4917	1
4918	0
4919	2
4920	2
4921	1
4922	0
4923	0
4924	2
4925	0
4926	1
4927	2
4928	0
4929	0
4930	0
4931	1
4932	1
4933	1
4934	2
4935	0
4936	0
4937	2
4938	0
4939	2
4940	0
4941	0
4942	2
4943	0
4944	1
4945	1
4946	1
4947	2
4948	2
4949	0
4950	2
4951	2
4952	0
4953	1
4954	2
4955	2
4956	2
4957	1
4958	0
4959	1
4960	0
4961	0
4962	2
4963	0
4964	2
4965	0
4966	2
4967	2
4968	2
4969	2
4970	0
4971	2
4972	0
4973	1
4974	2
4975	2
4976	2
4977	2
4978	0
4979	2
4980	1
4981	0
4982	0
4983	2
4984	1
4985	1
4986	1
4987	1
4988	0
4989	0
4990	0
4991	1
4992	0
4993	2
4994	0
4995	0
4996	1
4997	2
4998	0
4999	1
5000	1
